873 160 238 440 905 487 991 597 286 889 624 668 394 826 
161 885 47 914 47 328 227 377 895 587 782 122 311 411 
368 721 696 28 416 698 528 592 751 352 156 856 50 398 
378 529 78 501 604 893 670 347 969 645 248 84 13 265 
511 704 713 740 857 465 53 622 288 111 466 463 301 385 
44 877 392 834 428 763 396 382 428 566 624 712 620 332 
329 825 594 955 418 479 269 356 598 416 266 330 476 177 
671 771 592 551 85 122 659 865 540 341 529 720 54 130 
816 389 253 425 896 269 456 382 86 307 312 575 266 866 
810 164 433 277 381 279 765 510 554 961 903 271 740 229 
671 480 109 206 522 309 112 9 2 283 221 630 300 728 
422 489 283 532 649 183 570 975 886 919 934 160 592 694 
