564 23 774 241 603 358 4 784 715 299 607 994 119 473 713 
230 625 751 2 938 345 980 988 714 723 979 846 529 806 691 
344 439 848 702 349 335 367 724 55 404 258 59 4 896 230 
469 909 432 5 854 448 591 601 273 371 805 399 934 769 659 
534 626 458 678 710 722 962 734 309 853 3 906 908 166 774 
98 585 251 109 497 374 885 764 900 574 324 126 395 904 910 
4 347 948 451 440 774 98 568 896 224 410 887 397 838 886 
871 235 309 267 301 955 77 462 783 612 288 492 168 25 26 
362 637 228 782 915 459 207 827 88 515 683 146 137 740 802 
589 650 579 990 165 953 665 77 904 211 648 836 173 422 755 
48 13 177 154 107 264 368 151 708 305 444 544 327 568 599 
793 564 49 517 181 276 742 190 321 85 326 32 237 950 232 
