914 329 728 298 
914 329 689 835 
914 329 868 818 
914 329 130 690 
914 329 342 817 
914 329 545 169 
914 329 662 674 
914 329 97 497 
914 329 160 570 
914 329 737 91 
914 329 73 257 
914 329 406 707 
914 329 646 14 
914 329 234 832 
914 329 785 758 
914 329 818 259 
914 329 134 684 
914 329 926 831 
914 329 484 893 
914 329 958 354 
914 329 339 57 
914 329 989 806 
914 329 267 146 
914 329 198 744 
914 329 312 421 
914 329 929 248 
914 329 582 66 
914 329 443 897 
371 83 728 298 
371 83 545 169 
371 83 737 91 
371 83 73 257 
371 83 646 14 
371 83 818 259 
371 83 958 354 
371 83 339 57 
371 83 267 146 
371 83 929 248 
371 83 582 66 
186 958 545 169 
186 958 737 91 
186 958 646 14 
186 958 339 57 
186 958 267 146 
186 958 582 66 
79 121 646 14 
79 121 339 57 
79 121 582 66 
617 83 728 298 
617 83 545 169 
617 83 97 497 
617 83 160 570 
617 83 737 91 
617 83 73 257 
617 83 646 14 
617 83 818 259 
617 83 958 354 
617 83 339 57 
617 83 267 146 
617 83 312 421 
617 83 929 248 
617 83 582 66 
983 714 728 298 
983 714 689 835 
983 714 868 818 
983 714 130 690 
983 714 342 817 
983 714 545 169 
983 714 662 674 
983 714 988 923 
983 714 97 497 
983 714 160 570 
983 714 737 91 
983 714 73 257 
983 714 406 707 
983 714 646 14 
983 714 234 832 
983 714 785 758 
983 714 818 259 
983 714 816 965 
983 714 134 684 
983 714 926 831 
983 714 484 893 
983 714 958 354 
983 714 339 57 
983 714 989 806 
983 714 267 146 
983 714 198 744 
983 714 312 421 
983 714 627 964 
983 714 929 248 
983 714 582 66 
983 714 443 897 
163 929 737 91 
163 929 646 14 
163 929 339 57 
163 929 267 146 
163 929 582 66 
876 827 728 298 
876 827 689 835 
876 827 868 818 
876 827 130 690 
876 827 342 817 
876 827 545 169 
876 827 662 674 
876 827 97 497 
876 827 160 570 
876 827 737 91 
876 827 73 257 
876 827 406 707 
876 827 646 14 
876 827 234 832 
876 827 785 758 
876 827 818 259 
876 827 134 684 
876 827 926 831 
876 827 958 354 
876 827 339 57 
876 827 989 806 
876 827 267 146 
876 827 198 744 
876 827 312 421 
876 827 929 248 
876 827 582 66 
115 862 737 91 
115 862 646 14 
115 862 339 57 
115 862 582 66 
309 421 728 298 
309 421 545 169 
309 421 737 91 
309 421 73 257 
309 421 646 14 
309 421 818 259 
309 421 339 57 
309 421 267 146 
309 421 929 248 
309 421 582 66 
48 327 646 14 
130 676 737 91 
130 676 646 14 
130 676 339 57 
130 676 582 66 
92 534 737 91 
92 534 646 14 
92 534 339 57 
92 534 582 66 
281 262 545 169 
281 262 737 91 
281 262 73 257 
281 262 646 14 
281 262 818 259 
281 262 339 57 
281 262 267 146 
281 262 929 248 
281 262 582 66 
74 819 646 14 
74 819 339 57 
74 819 582 66 
419 494 728 298 
419 494 545 169 
419 494 737 91 
419 494 73 257 
419 494 646 14 
419 494 818 259 
419 494 958 354 
419 494 339 57 
419 494 267 146 
419 494 929 248 
419 494 582 66 
714 998 728 298 
714 998 130 690 
714 998 545 169 
714 998 662 674 
714 998 97 497 
714 998 160 570 
714 998 737 91 
714 998 73 257 
714 998 406 707 
714 998 646 14 
714 998 818 259 
714 998 134 684 
714 998 958 354 
714 998 339 57 
714 998 267 146 
714 998 312 421 
714 998 929 248 
714 998 582 66 
601 622 728 298 
601 622 545 169 
601 622 97 497 
601 622 160 570 
601 622 737 91 
601 622 73 257 
601 622 646 14 
601 622 818 259 
601 622 958 354 
601 622 339 57 
601 622 267 146 
601 622 312 421 
601 622 929 248 
601 622 582 66 
755 681 728 298 
755 681 130 690 
755 681 545 169 
755 681 662 674 
755 681 97 497 
755 681 160 570 
755 681 737 91 
755 681 73 257 
755 681 406 707 
755 681 646 14 
755 681 818 259 
755 681 134 684 
755 681 958 354 
755 681 339 57 
755 681 267 146 
755 681 198 744 
755 681 312 421 
755 681 929 248 
755 681 582 66 
336 572 728 298 
336 572 545 169 
336 572 737 91 
336 572 73 257 
336 572 646 14 
336 572 818 259 
336 572 339 57 
336 572 267 146 
336 572 929 248 
336 572 582 66 
845 980 728 298 
845 980 689 835 
845 980 868 818 
845 980 130 690 
845 980 342 817 
845 980 545 169 
845 980 662 674 
845 980 97 497 
845 980 160 570 
845 980 737 91 
845 980 73 257 
845 980 406 707 
845 980 646 14 
845 980 234 832 
845 980 785 758 
845 980 818 259 
845 980 134 684 
845 980 926 831 
845 980 958 354 
845 980 339 57 
845 980 989 806 
845 980 267 146 
845 980 198 744 
845 980 312 421 
845 980 929 248 
845 980 582 66 
989 323 728 298 
989 323 689 835 
989 323 868 818 
989 323 130 690 
989 323 342 817 
989 323 545 169 
989 323 662 674 
989 323 988 923 
989 323 97 497 
989 323 160 570 
989 323 737 91 
989 323 73 257 
989 323 406 707 
989 323 646 14 
989 323 234 832 
989 323 785 758 
989 323 818 259 
989 323 179 984 
989 323 816 965 
989 323 134 684 
989 323 926 831 
989 323 484 893 
989 323 958 354 
989 323 339 57 
989 323 989 806 
989 323 267 146 
989 323 198 744 
989 323 312 421 
989 323 627 964 
989 323 929 248 
989 323 582 66 
989 323 443 897 
464 929 728 298 
464 929 545 169 
464 929 737 91 
464 929 73 257 
464 929 646 14 
464 929 818 259 
464 929 958 354 
464 929 339 57 
464 929 267 146 
464 929 312 421 
464 929 929 248 
464 929 582 66 
759 362 728 298 
759 362 130 690 
759 362 545 169 
759 362 662 674 
759 362 97 497 
759 362 160 570 
759 362 737 91 
759 362 73 257 
759 362 406 707 
759 362 646 14 
759 362 785 758 
759 362 818 259 
759 362 134 684 
759 362 958 354 
759 362 339 57 
759 362 267 146 
759 362 198 744 
759 362 312 421 
759 362 929 248 
759 362 582 66 
198 55 545 169 
198 55 737 91 
198 55 646 14 
198 55 339 57 
198 55 267 146 
198 55 582 66 
865 995 728 298 
865 995 689 835 
865 995 868 818 
865 995 130 690 
865 995 342 817 
865 995 545 169 
865 995 662 674 
865 995 97 497 
865 995 160 570 
865 995 737 91 
865 995 73 257 
865 995 406 707 
865 995 646 14 
865 995 234 832 
865 995 785 758 
865 995 818 259 
865 995 134 684 
865 995 926 831 
865 995 958 354 
865 995 339 57 
865 995 989 806 
865 995 267 146 
865 995 198 744 
865 995 312 421 
865 995 929 248 
865 995 582 66 
633 636 728 298 
633 636 545 169 
633 636 97 497 
633 636 160 570 
633 636 737 91 
633 636 73 257 
633 636 646 14 
633 636 818 259 
633 636 958 354 
633 636 339 57 
633 636 267 146 
633 636 312 421 
633 636 929 248 
633 636 582 66 
89 466 646 14 
89 466 339 57 
89 466 582 66 
768 211 728 298 
768 211 130 690 
768 211 545 169 
768 211 662 674 
768 211 97 497 
768 211 160 570 
768 211 737 91 
768 211 73 257 
768 211 406 707 
768 211 646 14 
768 211 785 758 
768 211 818 259 
768 211 134 684 
768 211 958 354 
768 211 339 57 
768 211 267 146 
768 211 198 744 
768 211 312 421 
768 211 929 248 
768 211 582 66 
71 301 646 14 
71 301 339 57 
71 301 582 66 
740 724 728 298 
740 724 130 690 
740 724 545 169 
740 724 662 674 
740 724 97 497 
740 724 160 570 
740 724 737 91 
740 724 73 257 
740 724 406 707 
740 724 646 14 
740 724 818 259 
740 724 134 684 
740 724 958 354 
740 724 339 57 
740 724 267 146 
740 724 312 421 
740 724 929 248 
740 724 582 66 
733 267 728 298 
733 267 130 690 
733 267 545 169 
733 267 662 674 
733 267 97 497 
733 267 160 570 
733 267 737 91 
733 267 73 257 
733 267 406 707 
733 267 646 14 
733 267 818 259 
733 267 134 684 
733 267 958 354 
733 267 339 57 
733 267 267 146 
733 267 312 421 
733 267 929 248 
733 267 582 66 
115 410 737 91 
115 410 646 14 
115 410 339 57 
115 410 582 66 
871 166 728 298 
871 166 689 835 
871 166 868 818 
871 166 130 690 
871 166 342 817 
871 166 545 169 
871 166 662 674 
871 166 97 497 
871 166 160 570 
871 166 737 91 
871 166 73 257 
871 166 406 707 
871 166 646 14 
871 166 234 832 
871 166 785 758 
871 166 818 259 
871 166 134 684 
871 166 926 831 
871 166 958 354 
871 166 339 57 
871 166 989 806 
871 166 267 146 
871 166 198 744 
871 166 312 421 
871 166 929 248 
871 166 582 66 
686 751 728 298 
686 751 545 169 
686 751 662 674 
686 751 97 497 
686 751 160 570 
686 751 737 91 
686 751 73 257 
686 751 646 14 
686 751 818 259 
686 751 134 684 
686 751 958 354 
686 751 339 57 
686 751 267 146 
686 751 312 421 
686 751 929 248 
686 751 582 66 
910 658 728 298 
910 658 689 835 
910 658 868 818 
910 658 130 690 
910 658 342 817 
910 658 545 169 
910 658 662 674 
910 658 97 497 
910 658 160 570 
910 658 737 91 
910 658 73 257 
910 658 406 707 
910 658 646 14 
910 658 234 832 
910 658 785 758 
910 658 818 259 
910 658 134 684 
910 658 926 831 
910 658 484 893 
910 658 958 354 
910 658 339 57 
910 658 989 806 
910 658 267 146 
910 658 198 744 
910 658 312 421 
910 658 929 248 
910 658 582 66 
910 658 443 897 
204 811 545 169 
204 811 737 91 
204 811 646 14 
204 811 339 57 
204 811 267 146 
204 811 582 66 
463 896 728 298 
463 896 545 169 
463 896 737 91 
463 896 73 257 
463 896 646 14 
463 896 818 259 
463 896 958 354 
463 896 339 57 
463 896 267 146 
463 896 312 421 
463 896 929 248 
463 896 582 66 
219 139 545 169 
219 139 737 91 
219 139 646 14 
219 139 339 57 
219 139 267 146 
219 139 582 66 
395 932 728 298 
395 932 545 169 
395 932 737 91 
395 932 73 257 
395 932 646 14 
395 932 818 259 
395 932 958 354 
395 932 339 57 
395 932 267 146 
395 932 929 248 
395 932 582 66 
319 278 728 298 
319 278 545 169 
319 278 737 91 
319 278 73 257 
319 278 646 14 
319 278 818 259 
319 278 339 57 
319 278 267 146 
319 278 929 248 
319 278 582 66 
515 363 728 298 
515 363 545 169 
515 363 97 497 
515 363 737 91 
515 363 73 257 
515 363 646 14 
515 363 818 259 
515 363 958 354 
515 363 339 57 
515 363 267 146 
515 363 312 421 
515 363 929 248 
515 363 582 66 
810 938 728 298 
810 938 130 690 
810 938 545 169 
810 938 662 674 
810 938 97 497 
810 938 160 570 
810 938 737 91 
810 938 73 257 
810 938 406 707 
810 938 646 14 
810 938 785 758 
810 938 818 259 
810 938 134 684 
810 938 958 354 
810 938 339 57 
810 938 989 806 
810 938 267 146 
810 938 198 744 
810 938 312 421 
810 938 929 248 
810 938 582 66 
387 569 728 298 
387 569 545 169 
387 569 737 91 
387 569 73 257 
387 569 646 14 
387 569 818 259 
387 569 958 354 
387 569 339 57 
387 569 267 146 
387 569 929 248 
387 569 582 66 
870 4 728 298 
870 4 689 835 
870 4 868 818 
870 4 130 690 
870 4 342 817 
870 4 545 169 
870 4 662 674 
870 4 97 497 
870 4 160 570 
870 4 737 91 
870 4 73 257 
870 4 406 707 
870 4 646 14 
870 4 234 832 
870 4 785 758 
870 4 818 259 
870 4 134 684 
870 4 926 831 
870 4 958 354 
870 4 339 57 
870 4 989 806 
870 4 267 146 
870 4 198 744 
870 4 312 421 
870 4 929 248 
870 4 582 66 
575 214 728 298 
575 214 545 169 
575 214 97 497 
575 214 160 570 
575 214 737 91 
575 214 73 257 
575 214 646 14 
575 214 818 259 
575 214 958 354 
575 214 339 57 
575 214 267 146 
575 214 312 421 
575 214 929 248 
575 214 582 66 
322 102 728 298 
322 102 545 169 
322 102 737 91 
322 102 73 257 
322 102 646 14 
322 102 818 259 
322 102 339 57 
322 102 267 146 
322 102 929 248 
322 102 582 66 
629 865 728 298 
629 865 545 169 
629 865 97 497 
629 865 160 570 
629 865 737 91 
629 865 73 257 
629 865 646 14 
629 865 818 259 
629 865 958 354 
629 865 339 57 
629 865 267 146 
629 865 312 421 
629 865 929 248 
629 865 582 66 
664 674 728 298 
664 674 545 169 
664 674 97 497 
664 674 160 570 
664 674 737 91 
664 674 73 257 
664 674 646 14 
664 674 818 259 
664 674 958 354 
664 674 339 57 
664 674 267 146 
664 674 312 421 
664 674 929 248 
664 674 582 66 
577 853 728 298 
577 853 545 169 
577 853 97 497 
577 853 160 570 
577 853 737 91 
577 853 73 257 
577 853 646 14 
577 853 818 259 
577 853 958 354 
577 853 339 57 
577 853 267 146 
577 853 312 421 
577 853 929 248 
577 853 582 66 
760 108 728 298 
760 108 130 690 
760 108 545 169 
760 108 662 674 
760 108 97 497 
760 108 160 570 
760 108 737 91 
760 108 73 257 
760 108 406 707 
760 108 646 14 
760 108 785 758 
760 108 818 259 
760 108 134 684 
760 108 958 354 
760 108 339 57 
760 108 267 146 
760 108 198 744 
760 108 312 421 
760 108 929 248 
760 108 582 66 
303 921 728 298 
303 921 545 169 
303 921 737 91 
303 921 73 257 
303 921 646 14 
303 921 818 259 
303 921 339 57 
303 921 267 146 
303 921 929 248 
303 921 582 66 
116 117 737 91 
116 117 646 14 
116 117 339 57 
116 117 582 66 
592 668 728 298 
592 668 545 169 
592 668 97 497 
592 668 160 570 
592 668 737 91 
592 668 73 257 
592 668 646 14 
592 668 818 259 
592 668 958 354 
592 668 339 57 
592 668 267 146 
592 668 312 421 
592 668 929 248 
592 668 582 66 
55 347 646 14 
692 141 728 298 
692 141 130 690 
692 141 545 169 
692 141 662 674 
692 141 97 497 
692 141 160 570 
692 141 737 91 
692 141 73 257 
692 141 646 14 
692 141 818 259 
692 141 134 684 
692 141 958 354 
692 141 339 57 
692 141 267 146 
692 141 312 421 
692 141 929 248 
692 141 582 66 
819 822 728 298 
819 822 868 818 
819 822 130 690 
819 822 342 817 
819 822 545 169 
819 822 662 674 
819 822 97 497 
819 822 160 570 
819 822 737 91 
819 822 73 257 
819 822 406 707 
819 822 646 14 
819 822 785 758 
819 822 818 259 
819 822 134 684 
819 822 958 354 
819 822 339 57 
819 822 989 806 
819 822 267 146 
819 822 198 744 
819 822 312 421 
819 822 929 248 
819 822 582 66 
48 841 646 14 
599 405 728 298 
599 405 545 169 
599 405 97 497 
599 405 160 570 
599 405 737 91 
599 405 73 257 
599 405 646 14 
599 405 818 259 
599 405 958 354 
599 405 339 57 
599 405 267 146 
599 405 312 421 
599 405 929 248 
599 405 582 66 
37 806 646 14 
282 222 545 169 
282 222 737 91 
282 222 73 257 
282 222 646 14 
282 222 818 259 
282 222 339 57 
282 222 267 146 
282 222 929 248 
282 222 582 66 
748 220 728 298 
748 220 130 690 
748 220 545 169 
748 220 662 674 
748 220 97 497 
748 220 160 570 
748 220 737 91 
748 220 73 257 
748 220 406 707 
748 220 646 14 
748 220 818 259 
748 220 134 684 
748 220 958 354 
748 220 339 57 
748 220 267 146 
748 220 198 744 
748 220 312 421 
748 220 929 248 
748 220 582 66 
271 147 545 169 
271 147 737 91 
271 147 73 257 
271 147 646 14 
271 147 818 259 
271 147 339 57 
271 147 267 146 
271 147 929 248 
271 147 582 66 
793 4 728 298 
793 4 130 690 
793 4 545 169 
793 4 662 674 
793 4 97 497 
793 4 160 570 
793 4 737 91 
793 4 73 257 
793 4 406 707 
793 4 646 14 
793 4 785 758 
793 4 818 259 
793 4 134 684 
793 4 958 354 
793 4 339 57 
793 4 267 146 
793 4 198 744 
793 4 312 421 
793 4 929 248 
793 4 582 66 
758 177 728 298 
758 177 130 690 
758 177 545 169 
758 177 662 674 
758 177 97 497 
758 177 160 570 
758 177 737 91 
758 177 73 257 
758 177 406 707 
758 177 646 14 
758 177 818 259 
758 177 134 684 
758 177 958 354 
758 177 339 57 
758 177 267 146 
758 177 198 744 
758 177 312 421 
758 177 929 248 
758 177 582 66 
475 257 728 298 
475 257 545 169 
475 257 737 91 
475 257 73 257 
475 257 646 14 
475 257 818 259 
475 257 958 354 
475 257 339 57 
475 257 267 146 
475 257 312 421 
475 257 929 248 
475 257 582 66 
491 68 728 298 
491 68 545 169 
491 68 737 91 
491 68 73 257 
491 68 646 14 
491 68 818 259 
491 68 958 354 
491 68 339 57 
491 68 267 146 
491 68 312 421 
491 68 929 248 
491 68 582 66 
117 979 737 91 
117 979 646 14 
117 979 339 57 
117 979 582 66 
207 870 545 169 
207 870 737 91 
207 870 646 14 
207 870 339 57 
207 870 267 146 
207 870 582 66 
837 419 728 298 
837 419 689 835 
837 419 868 818 
837 419 130 690 
837 419 342 817 
837 419 545 169 
837 419 662 674 
837 419 97 497 
837 419 160 570 
837 419 737 91 
837 419 73 257 
837 419 406 707 
837 419 646 14 
837 419 234 832 
837 419 785 758 
837 419 818 259 
837 419 134 684 
837 419 926 831 
837 419 958 354 
837 419 339 57 
837 419 989 806 
837 419 267 146 
837 419 198 744 
837 419 312 421 
837 419 929 248 
837 419 582 66 
840 197 728 298 
840 197 689 835 
840 197 868 818 
840 197 130 690 
840 197 342 817 
840 197 545 169 
840 197 662 674 
840 197 97 497 
840 197 160 570 
840 197 737 91 
840 197 73 257 
840 197 406 707 
840 197 646 14 
840 197 234 832 
840 197 785 758 
840 197 818 259 
840 197 134 684 
840 197 926 831 
840 197 958 354 
840 197 339 57 
840 197 989 806 
840 197 267 146 
840 197 198 744 
840 197 312 421 
840 197 929 248 
840 197 582 66 
686 753 728 298 
686 753 545 169 
686 753 662 674 
686 753 97 497 
686 753 160 570 
686 753 737 91 
686 753 73 257 
686 753 646 14 
686 753 818 259 
686 753 134 684 
686 753 958 354 
686 753 339 57 
686 753 267 146 
686 753 312 421 
686 753 929 248 
686 753 582 66 
558 347 728 298 
558 347 545 169 
558 347 97 497 
558 347 737 91 
558 347 73 257 
558 347 646 14 
558 347 818 259 
558 347 958 354 
558 347 339 57 
558 347 267 146 
558 347 312 421 
558 347 929 248 
558 347 582 66 
515 145 728 298 
515 145 545 169 
515 145 97 497 
515 145 737 91 
515 145 73 257 
515 145 646 14 
515 145 818 259 
515 145 958 354 
515 145 339 57 
515 145 267 146 
515 145 312 421 
515 145 929 248 
515 145 582 66 
980 473 728 298 
980 473 689 835 
980 473 868 818 
980 473 130 690 
980 473 342 817 
980 473 545 169 
980 473 662 674 
980 473 988 923 
980 473 97 497 
980 473 160 570 
980 473 737 91 
980 473 73 257 
980 473 406 707 
980 473 646 14 
980 473 234 832 
980 473 785 758 
980 473 818 259 
980 473 816 965 
980 473 134 684 
980 473 926 831 
980 473 484 893 
980 473 958 354 
980 473 339 57 
980 473 989 806 
980 473 267 146 
980 473 198 744 
980 473 312 421 
980 473 627 964 
980 473 929 248 
980 473 582 66 
980 473 443 897 
666 645 728 298 
666 645 545 169 
666 645 97 497 
666 645 160 570 
666 645 737 91 
666 645 73 257 
666 645 646 14 
666 645 818 259 
666 645 958 354 
666 645 339 57 
666 645 267 146 
666 645 312 421 
666 645 929 248 
666 645 582 66 
231 940 545 169 
231 940 737 91 
231 940 646 14 
231 940 339 57 
231 940 267 146 
231 940 582 66 
523 180 728 298 
523 180 545 169 
523 180 97 497 
523 180 737 91 
523 180 73 257 
523 180 646 14 
523 180 818 259 
523 180 958 354 
523 180 339 57 
523 180 267 146 
523 180 312 421 
523 180 929 248 
523 180 582 66 
463 233 728 298 
463 233 545 169 
463 233 737 91 
463 233 73 257 
463 233 646 14 
463 233 818 259 
463 233 958 354 
463 233 339 57 
463 233 267 146 
463 233 312 421 
463 233 929 248 
463 233 582 66 
692 136 728 298 
692 136 130 690 
692 136 545 169 
692 136 662 674 
692 136 97 497 
692 136 160 570 
692 136 737 91 
692 136 73 257 
692 136 646 14 
692 136 818 259 
692 136 134 684 
692 136 958 354 
692 136 339 57 
692 136 267 146 
692 136 312 421 
692 136 929 248 
692 136 582 66 
425 844 728 298 
425 844 545 169 
425 844 737 91 
425 844 73 257 
425 844 646 14 
425 844 818 259 
425 844 958 354 
425 844 339 57 
425 844 267 146 
425 844 312 421 
425 844 929 248 
425 844 582 66 
298 269 545 169 
298 269 737 91 
298 269 73 257 
298 269 646 14 
298 269 818 259 
298 269 339 57 
298 269 267 146 
298 269 929 248 
298 269 582 66 
981 179 728 298 
981 179 689 835 
981 179 868 818 
981 179 130 690 
981 179 342 817 
981 179 545 169 
981 179 662 674 
981 179 988 923 
981 179 97 497 
981 179 160 570 
981 179 737 91 
981 179 73 257 
981 179 406 707 
981 179 646 14 
981 179 234 832 
981 179 785 758 
981 179 818 259 
981 179 816 965 
981 179 134 684 
981 179 926 831 
981 179 484 893 
981 179 958 354 
981 179 339 57 
981 179 989 806 
981 179 267 146 
981 179 198 744 
981 179 312 421 
981 179 627 964 
981 179 929 248 
981 179 582 66 
981 179 443 897 
86 477 646 14 
86 477 339 57 
86 477 582 66 
57 361 646 14 
737 186 728 298 
737 186 130 690 
737 186 545 169 
737 186 662 674 
737 186 97 497 
737 186 160 570 
737 186 737 91 
737 186 73 257 
737 186 406 707 
737 186 646 14 
737 186 818 259 
737 186 134 684 
737 186 958 354 
737 186 339 57 
737 186 267 146 
737 186 312 421 
737 186 929 248 
737 186 582 66 
842 390 728 298 
842 390 689 835 
842 390 868 818 
842 390 130 690 
842 390 342 817 
842 390 545 169 
842 390 662 674 
842 390 97 497 
842 390 160 570 
842 390 737 91 
842 390 73 257 
842 390 406 707 
842 390 646 14 
842 390 234 832 
842 390 785 758 
842 390 818 259 
842 390 134 684 
842 390 926 831 
842 390 958 354 
842 390 339 57 
842 390 989 806 
842 390 267 146 
842 390 198 744 
842 390 312 421 
842 390 929 248 
842 390 582 66 
565 707 728 298 
565 707 545 169 
565 707 97 497 
565 707 737 91 
565 707 73 257 
565 707 646 14 
565 707 818 259 
565 707 958 354 
565 707 339 57 
565 707 267 146 
565 707 312 421 
565 707 929 248 
565 707 582 66 
995 107 728 298 
995 107 689 835 
995 107 868 818 
995 107 130 690 
995 107 342 817 
995 107 545 169 
995 107 662 674 
995 107 988 923 
995 107 97 497 
995 107 160 570 
995 107 737 91 
995 107 73 257 
995 107 406 707 
995 107 646 14 
995 107 234 832 
995 107 785 758 
995 107 818 259 
995 107 179 984 
995 107 816 965 
995 107 134 684 
995 107 926 831 
995 107 484 893 
995 107 958 354 
995 107 339 57 
995 107 989 806 
995 107 267 146 
995 107 198 744 
995 107 312 421 
995 107 627 964 
995 107 929 248 
995 107 582 66 
995 107 443 897 
705 688 728 298 
705 688 130 690 
705 688 545 169 
705 688 662 674 
705 688 97 497 
705 688 160 570 
705 688 737 91 
705 688 73 257 
705 688 646 14 
705 688 818 259 
705 688 134 684 
705 688 958 354 
705 688 339 57 
705 688 267 146 
705 688 312 421 
705 688 929 248 
705 688 582 66 
437 298 728 298 
437 298 545 169 
437 298 737 91 
437 298 73 257 
437 298 646 14 
437 298 818 259 
437 298 958 354 
437 298 339 57 
437 298 267 146 
437 298 312 421 
437 298 929 248 
437 298 582 66 
192 857 545 169 
192 857 737 91 
192 857 646 14 
192 857 339 57 
192 857 267 146 
192 857 582 66 
154 355 737 91 
154 355 646 14 
154 355 339 57 
154 355 267 146 
154 355 582 66 
711 977 728 298 
711 977 130 690 
711 977 545 169 
711 977 662 674 
711 977 97 497 
711 977 160 570 
711 977 737 91 
711 977 73 257 
711 977 406 707 
711 977 646 14 
711 977 818 259 
711 977 134 684 
711 977 958 354 
711 977 339 57 
711 977 267 146 
711 977 312 421 
711 977 929 248 
711 977 582 66 
359 683 728 298 
359 683 545 169 
359 683 737 91 
359 683 73 257 
359 683 646 14 
359 683 818 259 
359 683 958 354 
359 683 339 57 
359 683 267 146 
359 683 929 248 
359 683 582 66 
674 512 728 298 
674 512 545 169 
674 512 97 497 
674 512 160 570 
674 512 737 91 
674 512 73 257 
674 512 646 14 
674 512 818 259 
674 512 958 354 
674 512 339 57 
674 512 267 146 
674 512 312 421 
674 512 929 248 
674 512 582 66 
884 222 728 298 
884 222 689 835 
884 222 868 818 
884 222 130 690 
884 222 342 817 
884 222 545 169 
884 222 662 674 
884 222 97 497 
884 222 160 570 
884 222 737 91 
884 222 73 257 
884 222 406 707 
884 222 646 14 
884 222 234 832 
884 222 785 758 
884 222 818 259 
884 222 134 684 
884 222 926 831 
884 222 958 354 
884 222 339 57 
884 222 989 806 
884 222 267 146 
884 222 198 744 
884 222 312 421 
884 222 929 248 
884 222 582 66 
561 758 728 298 
561 758 545 169 
561 758 97 497 
561 758 737 91 
561 758 73 257 
561 758 646 14 
561 758 818 259 
561 758 958 354 
561 758 339 57 
561 758 267 146 
561 758 312 421 
561 758 929 248 
561 758 582 66 
945 581 728 298 
945 581 689 835 
945 581 868 818 
945 581 130 690 
945 581 342 817 
945 581 545 169 
945 581 662 674 
945 581 988 923 
945 581 97 497 
945 581 160 570 
945 581 737 91 
945 581 73 257 
945 581 406 707 
945 581 646 14 
945 581 234 832 
945 581 785 758 
945 581 818 259 
945 581 134 684 
945 581 926 831 
945 581 484 893 
945 581 958 354 
945 581 339 57 
945 581 989 806 
945 581 267 146 
945 581 198 744 
945 581 312 421 
945 581 929 248 
945 581 582 66 
945 581 443 897 
756 531 728 298 
756 531 130 690 
756 531 545 169 
756 531 662 674 
756 531 97 497 
756 531 160 570 
756 531 737 91 
756 531 73 257 
756 531 406 707 
756 531 646 14 
756 531 818 259 
756 531 134 684 
756 531 958 354 
756 531 339 57 
756 531 267 146 
756 531 198 744 
756 531 312 421 
756 531 929 248 
756 531 582 66 
720 562 728 298 
720 562 130 690 
720 562 545 169 
720 562 662 674 
720 562 97 497 
720 562 160 570 
720 562 737 91 
720 562 73 257 
720 562 406 707 
720 562 646 14 
720 562 818 259 
720 562 134 684 
720 562 958 354 
720 562 339 57 
720 562 267 146 
720 562 312 421 
720 562 929 248 
720 562 582 66 
872 580 728 298 
872 580 689 835 
872 580 868 818 
872 580 130 690 
872 580 342 817 
872 580 545 169 
872 580 662 674 
872 580 97 497 
872 580 160 570 
872 580 737 91 
872 580 73 257 
872 580 406 707 
872 580 646 14 
872 580 234 832 
872 580 785 758 
872 580 818 259 
872 580 134 684 
872 580 926 831 
872 580 958 354 
872 580 339 57 
872 580 989 806 
872 580 267 146 
872 580 198 744 
872 580 312 421 
872 580 929 248 
872 580 582 66 
906 112 728 298 
906 112 689 835 
906 112 868 818 
906 112 130 690 
906 112 342 817 
906 112 545 169 
906 112 662 674 
906 112 97 497 
906 112 160 570 
906 112 737 91 
906 112 73 257 
906 112 406 707 
906 112 646 14 
906 112 234 832 
906 112 785 758 
906 112 818 259 
906 112 134 684 
906 112 926 831 
906 112 484 893 
906 112 958 354 
906 112 339 57 
906 112 989 806 
906 112 267 146 
906 112 198 744 
906 112 312 421 
906 112 929 248 
906 112 582 66 
906 112 443 897 
260 945 545 169 
260 945 737 91 
260 945 73 257 
260 945 646 14 
260 945 818 259 
260 945 339 57 
260 945 267 146 
260 945 929 248 
260 945 582 66 
712 367 728 298 
712 367 130 690 
712 367 545 169 
712 367 662 674 
712 367 97 497 
712 367 160 570 
712 367 737 91 
712 367 73 257 
712 367 406 707 
712 367 646 14 
712 367 818 259 
712 367 134 684 
712 367 958 354 
712 367 339 57 
712 367 267 146 
712 367 312 421 
712 367 929 248 
712 367 582 66 
485 897 728 298 
485 897 545 169 
485 897 737 91 
485 897 73 257 
485 897 646 14 
485 897 818 259 
485 897 958 354 
485 897 339 57 
485 897 267 146 
485 897 312 421 
485 897 929 248 
485 897 582 66 
735 508 728 298 
735 508 130 690 
735 508 545 169 
735 508 662 674 
735 508 97 497 
735 508 160 570 
735 508 737 91 
735 508 73 257 
735 508 406 707 
735 508 646 14 
735 508 818 259 
735 508 134 684 
735 508 958 354 
735 508 339 57 
735 508 267 146 
735 508 312 421 
735 508 929 248 
735 508 582 66 
906 191 728 298 
906 191 689 835 
906 191 868 818 
906 191 130 690 
906 191 342 817 
906 191 545 169 
906 191 662 674 
906 191 97 497 
906 191 160 570 
906 191 737 91 
906 191 73 257 
906 191 406 707 
906 191 646 14 
906 191 234 832 
906 191 785 758 
906 191 818 259 
906 191 134 684 
906 191 926 831 
906 191 484 893 
906 191 958 354 
906 191 339 57 
906 191 989 806 
906 191 267 146 
906 191 198 744 
906 191 312 421 
906 191 929 248 
906 191 582 66 
906 191 443 897 
127 287 737 91 
127 287 646 14 
127 287 339 57 
127 287 582 66 
277 431 545 169 
277 431 737 91 
277 431 73 257 
277 431 646 14 
277 431 818 259 
277 431 339 57 
277 431 267 146 
277 431 929 248 
277 431 582 66 
801 164 728 298 
801 164 130 690 
801 164 545 169 
801 164 662 674 
801 164 97 497 
801 164 160 570 
801 164 737 91 
801 164 73 257 
801 164 406 707 
801 164 646 14 
801 164 785 758 
801 164 818 259 
801 164 134 684 
801 164 958 354 
801 164 339 57 
801 164 267 146 
801 164 198 744 
801 164 312 421 
801 164 929 248 
801 164 582 66 
662 385 728 298 
662 385 545 169 
662 385 97 497 
662 385 160 570 
662 385 737 91 
662 385 73 257 
662 385 646 14 
662 385 818 259 
662 385 958 354 
662 385 339 57 
662 385 267 146 
662 385 312 421 
662 385 929 248 
662 385 582 66 
44 324 646 14 
701 686 728 298 
701 686 130 690 
701 686 545 169 
701 686 662 674 
701 686 97 497 
701 686 160 570 
701 686 737 91 
701 686 73 257 
701 686 646 14 
701 686 818 259 
701 686 134 684 
701 686 958 354 
701 686 339 57 
701 686 267 146 
701 686 312 421 
701 686 929 248 
701 686 582 66 
883 46 728 298 
883 46 689 835 
883 46 868 818 
883 46 130 690 
883 46 342 817 
883 46 545 169 
883 46 662 674 
883 46 97 497 
883 46 160 570 
883 46 737 91 
883 46 73 257 
883 46 406 707 
883 46 646 14 
883 46 234 832 
883 46 785 758 
883 46 818 259 
883 46 134 684 
883 46 926 831 
883 46 958 354 
883 46 339 57 
883 46 989 806 
883 46 267 146 
883 46 198 744 
883 46 312 421 
883 46 929 248 
883 46 582 66 
812 41 728 298 
812 41 130 690 
812 41 545 169 
812 41 662 674 
812 41 97 497 
812 41 160 570 
812 41 737 91 
812 41 73 257 
812 41 406 707 
812 41 646 14 
812 41 785 758 
812 41 818 259 
812 41 134 684 
812 41 958 354 
812 41 339 57 
812 41 989 806 
812 41 267 146 
812 41 198 744 
812 41 312 421 
812 41 929 248 
812 41 582 66 
614 911 728 298 
614 911 545 169 
614 911 97 497 
614 911 160 570 
614 911 737 91 
614 911 73 257 
614 911 646 14 
614 911 818 259 
614 911 958 354 
614 911 339 57 
614 911 267 146 
614 911 312 421 
614 911 929 248 
614 911 582 66 
743 61 728 298 
743 61 130 690 
743 61 545 169 
743 61 662 674 
743 61 97 497 
743 61 160 570 
743 61 737 91 
743 61 73 257 
743 61 406 707 
743 61 646 14 
743 61 818 259 
743 61 134 684 
743 61 958 354 
743 61 339 57 
743 61 267 146 
743 61 312 421 
743 61 929 248 
743 61 582 66 
890 696 728 298 
890 696 689 835 
890 696 868 818 
890 696 130 690 
890 696 342 817 
890 696 545 169 
890 696 662 674 
890 696 97 497 
890 696 160 570 
890 696 737 91 
890 696 73 257 
890 696 406 707 
890 696 646 14 
890 696 234 832 
890 696 785 758 
890 696 818 259 
890 696 134 684 
890 696 926 831 
890 696 958 354 
890 696 339 57 
890 696 989 806 
890 696 267 146 
890 696 198 744 
890 696 312 421 
890 696 929 248 
890 696 582 66 
321 469 728 298 
321 469 545 169 
321 469 737 91 
321 469 73 257 
321 469 646 14 
321 469 818 259 
321 469 339 57 
321 469 267 146 
321 469 929 248 
321 469 582 66 
430 285 728 298 
430 285 545 169 
430 285 737 91 
430 285 73 257 
430 285 646 14 
430 285 818 259 
430 285 958 354 
430 285 339 57 
430 285 267 146 
430 285 312 421 
430 285 929 248 
430 285 582 66 
27 456 646 14 
68 19 646 14 
68 19 339 57 
68 19 582 66 
732 571 728 298 
732 571 130 690 
732 571 545 169 
732 571 662 674 
732 571 97 497 
732 571 160 570 
732 571 737 91 
732 571 73 257 
732 571 406 707 
732 571 646 14 
732 571 818 259 
732 571 134 684 
732 571 958 354 
732 571 339 57 
732 571 267 146 
732 571 312 421 
732 571 929 248 
732 571 582 66 
113 970 737 91 
113 970 646 14 
113 970 339 57 
113 970 582 66 
896 306 728 298 
896 306 689 835 
896 306 868 818 
896 306 130 690 
896 306 342 817 
896 306 545 169 
896 306 662 674 
896 306 97 497 
896 306 160 570 
896 306 737 91 
896 306 73 257 
896 306 406 707 
896 306 646 14 
896 306 234 832 
896 306 785 758 
896 306 818 259 
896 306 134 684 
896 306 926 831 
896 306 484 893 
896 306 958 354 
896 306 339 57 
896 306 989 806 
896 306 267 146 
896 306 198 744 
896 306 312 421 
896 306 929 248 
896 306 582 66 
467 506 728 298 
467 506 545 169 
467 506 737 91 
467 506 73 257 
467 506 646 14 
467 506 818 259 
467 506 958 354 
467 506 339 57 
467 506 267 146 
467 506 312 421 
467 506 929 248 
467 506 582 66 
870 759 728 298 
870 759 689 835 
870 759 868 818 
870 759 130 690 
870 759 342 817 
870 759 545 169 
870 759 662 674 
870 759 97 497 
870 759 160 570 
870 759 737 91 
870 759 73 257 
870 759 406 707 
870 759 646 14 
870 759 234 832 
870 759 785 758 
870 759 818 259 
870 759 134 684 
870 759 926 831 
870 759 958 354 
870 759 339 57 
870 759 989 806 
870 759 267 146 
870 759 198 744 
870 759 312 421 
870 759 929 248 
870 759 582 66 
