573 378 230 783 320 179 441 441 307 578 240 920 164 66 
341 60 334 26 431 927 535 478 777 862 436 289 461 699 
17 481 22 275 525 47 627 379 649 914 503 306 729 767 
717 690 427 415 592 905 461 77 953 535 899 122 562 939 
710 375 175 726 176 894 356 771 355 438 577 490 353 81 
251 136 6 587 916 725 746 65 682 441 659 764 581 683 
984 473 978 192 856 38 109 853 464 899 827 641 339 282 
709 713 860 644 113 313 967 146 946 212 461 685 183 73 
830 66 449 258 441 253 310 697 183 337 995 274 486 618 
23 479 825 911 338 836 333 703 260 272 190 127 394 700 
143 325 259 803 969 652 48 590 75 884 538 291 631 237 
782 689 861 256 651 283 513 930 589 638 728 814 153 305 
600 910 920 480 333 510 161 805 351 181 631 836 137 64 
242 433 341 701 249 304 978 145 293 360 480 950 360 125 
378 877 20 176 2 147 985 150 722 931 878 434 262 625 
737 975 64 134 225 94 627 493 712 505 177 440 47 26 
824 312 41 626 279 303 673 618 766 252 944 263 555 242 
350 54 17 613 362 76 67 922 404 200 415 578 968 312 
245 459 957 133 934 795 771 860 610 530 924 937 593 746 
633 282 547 398 965 845 756 28 550 239 983 424 247 626 
75 55 619 859 91 901 965 605 206 35 43 981 255 32 
208 803 56 475 968 441 839 450 494 291 123 987 90 988 
679 564 238 513 724 216 111 819 262 953 113 399 733 637 
315 298 555 631 50 547 749 26 498 321 115 596 958 301 
657 773 224 102 16 490 893 783 687 730 144 567 938 101 
230 653 261 268 561 502 226 185 678 645 470 604 98 45 
937 22 817 134 372 798 359 545 253 598 207 866 246 425 
976 937 69 403 736 549 956 469 417 38 879 451 408 605 
757 228 28 178 888 902 555 130 559 171 0 835 123 388 
489 141 735 832 173 830 88 128 107 834 484 499 429 934 
583 753 491 199 520 622 596 732 634 646 72 709 614 287 
473 910 702 807 31 419 500 219 754 482 785 913 170 352 
202 66 395 345 21 687 957 992 913 895 15 446 563 547 
339 835 445 31 37 926 593 21 869 563 155 918 156 104 
524 216 707 707 483 927 958 44 878 937 616 506 654 91 
920 477 56 89 865 272 304 702 368 721 152 720 734 534 
759 366 821 717 301 714 880 576 321 773 595 27 397 251 
137 803 50 588 788 541 21 588 494 120 851 552 798 193 
433 805 743 721 691 567 843 885 230 874 733 393 738 641 
692 657 239 865 211 342 592 729 957 578 901 208 942 808 
234 938 564 898 277 552 404 273 349 28 530 939 926 582 
56 748 273 606 535 283 975 863 492 847 382 579 905 871 
117 896 908 291 753 247 757 322 210 22 401 880 824 881 
132 572 711 889 11 908 753 648 439 557 586 928 230 106 
519 744 475 632 568 458 334 653 60 684 510 355 700 137 
474 580 280 955 503 803 613 167 196 773 680 212 217 298 
836 609 486 644 807 683 712 803 867 841 62 450 608 772 
897 457 454 949 962 408 144 141 686 725 253 683 404 651 
120 174 904 231 112 159 112 751 945 649 243 554 153 912 
761 326 559 179 652 970 149 392 134 608 590 715 366 918 
914 930 234 938 519 504 280 264 626 180 359 505 219 133 
616 657 655 749 658 909 598 558 539 512 428 101 842 921 
53 898 897 346 457 785 577 271 368 808 541 824 839 853 
968 141 784 764 947 78 816 706 367 684 681 945 368 183 
40 840 370 901 281 421 621 164 894 602 356 228 199 738 
652 612 355 486 712 63 44 529 113 851 297 172 634 734 
613 878 17 389 356 828 777 618 662 985 685 417 436 610 
976 975 88 985 16 888 521 123 752 563 979 96 196 356 
949 231 832 927 988 251 449 387 509 135 325 307 544 721 
38 52 504 237 489 99 366 265 181 695 557 424 479 118 
617 350 891 767 17 823 372 915 371 4 444 304 22 27 
280 67 371 841 635 306 221 919 123 220 959 359 992 806 
557 881 912 506 402 486 207 941 960 704 100 166 415 492 
207 454 60 517 919 97 627 54 408 519 616 308 697 262 
222 254 995 952 378 26 694 693 2 621 678 317 799 662 
778 980 466 687 805 946 819 977 725 550 188 52 561 374 
380 664 880 846 407 698 540 186 291 734 846 346 69 254 
627 849 730 884 147 18 994 770 842 248 830 59 448 887 
426 821 219 164 741 830 852 342 390 504 71 120 505 283 
452 709 495 597 226 990 76 712 371 218 961 904 483 619 
465 519 282 369 481 439 993 717 601 564 49 292 95 500 
926 702 995 387 571 354 452 463 216 16 105 469 350 642 
148 278 74 568 705 697 208 694 581 814 127 869 666 276 
850 483 814 344 471 463 722 644 976 861 504 959 631 402 
662 566 239 293 72 103 701 170 346 661 638 780 882 133 
41 839 780 596 925 559 111 699 893 8 637 360 408 507 
224 802 974 889 239 984 75 807 424 639 576 654 527 303 
383 622 949 504 804 503 508 286 756 828 158 30 629 916 
134 844 468 526 398 675 790 592 567 728 550 940 887 827 
61 720 997 394 584 129 808 892 411 867 893 983 716 542 
583 55 106 353 41 916 523 260 95 318 53 821 19 656 
708 161 123 998 482 900 215 540 845 151 760 356 291 77 
124 995 488 898 118 649 112 32 75 932 400 56 151 664 
950 217 750 349 681 928 406 788 858 61 562 663 386 189 
537 237 262 809 501 510 926 283 744 97 75 80 535 552 
38 646 331 180 469 963 357 179 992 359 102 834 2 768 
201 112 811 296 976 586 18 973 586 276 256 412 351 162 
488 411 866 36 186 506 909 839 286 725 163 638 310 57 
958 964 501 856 809 412 131 835 855 951 226 891 738 337 
891 11 16 385 74 710 584 859 800 521 170 180 22 948 
965 57 767 626 234 229 751 90 789 389 112 962 675 649 
283 511 279 241 307 972 255 425 157 764 12 99 899 573 
975 296 280 963 926 882 671 406 653 489 300 570 466 432 
220 905 65 795 448 335 758 543 395 873 961 462 829 210 
554 134 961 372 110 317 1 312 115 500 785 2 429 908 
593 867 3 585 491 500 475 530 389 69 738 305 537 815 
840 349 151 172 960 530 820 977 141 474 467 180 599 570 
410 512 925 987 656 786 413 124 707 400 751 481 534 765 
135 417 383 315 481 761 22 69 935 713 577 560 502 592 
516 590 831 42 974 318 929 338 40 627 827 508 238 719 
95 996 759 164 571 573 770 680 273 215 30 26 237 760 
84 333 447 229 696 512 830 942 425 623 565 292 82 74 
378 927 801 767 209 800 365 982 839 471 989 522 242 730 
452 575 222 459 712 948 66 597 681 975 881 507 783 735 
389 125 620 754 822 568 64 563 359 120 147 407 882 316 
190 973 162 542 859 296 981 126 890 714 741 763 645 510 
156 749 195 570 733 537 617 367 122 962 735 975 847 537 
814 778 869 904 135 925 107 40 359 768 663 221 862 801 
202 891 879 178 498 456 562 836 809 158 805 375 946 986 
505 463 588 6 273 996 607 887 93 566 747 932 740 867 
599 844 384 287 615 570 315 343 64 760 792 146 117 413 
916 12 603 821 196 32 737 363 840 185 289 445 84 221 
380 172 415 247 914 847 532 759 87 123 358 616 489 729 
793 342 741 20 851 866 297 397 330 436 956 133 207 956 
170 78 903 444 652 462 803 878 532 65 797 757 790 603 
963 962 377 751 392 334 117 430 789 431 879 791 263 65 
784 279 330 874 44 398 860 705 717 926 572 596 368 816 
888 909 863 173 326 505 77 365 939 973 633 656 959 213 
458 175 873 554 529 614 134 110 939 152 341 263 141 711 
910 767 274 30 337 124 872 229 468 720 849 353 348 31 
645 701 923 472 261 177 314 483 506 389 670 117 924 546 
927 467 191 181 822 424 223 729 756 420 452 800 775 460 
952 269 495 392 30 369 879 278 709 153 48 568 441 656 
615 379 763 734 910 527 806 621 583 302 74 651 621 707 
511 681 149 713 255 943 690 693 614 681 247 73 629 346 
948 173 329 52 755 476 451 377 485 488 80 994 334 499 
401 465 799 956 621 612 402 66 873 305 79 304 922 904 
845 509 850 538 373 263 350 348 520 691 896 960 353 731 
