0 344 829 52 485 191 679 675 794 838 904 628 923 832 
324 879 614 419 959 15 415 468 902 136 596 245 442 877 
367 869 270 723 410 772 626 373 436 849 745 428 673 595 
197 467 953 840 835 405 535 973 520 867 641 395 810 550 
551 354 771 453 308 597 264 956 234 641 185 529 770 915 
161 244 464 93 844 506 301 629 944 486 399 827 644 829 
795 436 502 916 683 240 681 776 50 236 731 370 211 660 
180 45 106 873 986 477 346 491 250 942 678 667 161 710 
851 456 992 112 154 444 206 942 844 57 447 234 950 318 
250 129 251 896 721 893 337 351 625 677 147 422 313 411 
958 494 112 945 160 160 367 665 498 549 869 0 78 732 
793 766 475 134 354 773 645 370 195 652 962 704 682 919 
911 860 159 28 665 666 946 796 872 512 493 612 926 364 
601 583 181 842 700 762 718 994 887 611 197 933 22 919 
434 706 513 423 851 665 352 126 324 194 699 505 353 299 
495 668 762 437 28 133 781 50 131 615 450 885 613 822 
327 557 615 65 428 919 834 233 305 751 70 324 675 252 
7 430 261 901 31 934 835 716 963 432 410 469 282 132 
956 498 8 818 511 319 609 175 237 365 968 177 846 125 
535 244 577 666 137 142 42 867 195 437 85 620 394 835 
152 105 526 587 111 662 763 427 329 718 120 701 808 390 
912 836 110 60 446 87 778 921 958 397 890 273 175 406 
899 123 964 178 988 65 98 224 592 414 363 685 977 654 
680 167 130 127 926 844 461 618 912 36 556 654 986 960 
603 985 917 165 945 28 6 241 544 778 778 65 626 140 
372 748 739 444 974 592 206 452 406 207 104 139 687 157 
440 763 73 65 904 306 211 774 157 18 485 356 9 327 
850 200 466 125 554 469 388 884 477 741 673 177 467 888 
137 66 721 71 652 149 359 446 244 157 116 924 24 963 
546 152 563 45 871 105 220 741 944 386 374 553 138 721 
711 450 275 875 765 331 490 430 324 584 327 513 733 120 
165 468 345 705 212 624 691 799 11 682 995 648 459 681 
766 983 551 593 243 794 728 356 984 547 508 909 427 448 
14 880 830 607 265 385 217 449 389 991 883 481 101 365 
51 922 863 245 216 642 994 977 489 191 78 424 295 701 
469 665 198 249 136 742 746 60 316 608 311 167 83 699 
520 192 406 670 617 135 752 122 320 39 838 316 990 908 
779 705 20 773 256 893 264 118 256 416 631 934 938 525 
564 783 744 383 87 975 4 699 361 250 658 197 715 922 
936 256 502 316 849 301 709 504 402 966 158 925 524 272 
328 166 504 43 511 661 0 632 322 787 946 422 286 641 
688 528 323 597 866 318 900 573 718 407 252 81 437 264 
404 232 854 123 569 34 224 871 794 293 585 232 247 943 
12 99 524 102 303 361 229 535 970 237 365 521 691 651 
975 925 727 934 413 301 683 470 870 726 769 821 897 107 
341 749 232 279 447 16 497 102 499 890 646 137 596 47 
220 53 255 301 736 855 267 941 533 510 815 788 195 468 
116 384 425 418 321 530 595 32 558 231 78 974 368 705 
968 857 74 424 293 157 589 1 525 484 318 209 681 8 
374 385 804 387 831 461 590 448 721 802 530 653 781 820 
194 280 473 929 225 483 154 494 102 125 504 916 192 862 
875 646 293 727 427 185 757 964 445 176 547 647 201 259 
275 699 256 484 894 297 899 447 555 354 327 283 441 281 
125 160 735 948 398 151 156 903 603 544 178 829 906 493 
996 869 452 857 201 317 924 883 977 853 706 125 196 106 
558 132 802 277 928 347 829 855 787 616 394 628 914 995 
7 962 914 919 630 68 392 974 895 439 836 989 732 632 
578 473 382 47 145 860 606 373 413 544 797 510 783 911 
668 426 148 260 272 350 954 658 197 681 247 88 531 630 
284 869 590 246 359 829 111 63 158 296 848 4 951 515 
485 914 629 206 894 213 948 905 89 533 45 740 892 888 
30 281 400 653 737 248 889 10 892 919 874 147 480 100 
213 616 395 784 672 577 89 530 235 464 519 957 238 4 
784 223 648 13 200 903 849 273 110 681 489 898 990 66 
490 417 300 651 64 315 845 460 986 38 671 70 784 529 
425 812 523 214 381 103 932 52 714 189 444 829 327 214 
571 488 465 122 789 100 989 586 86 739 897 937 302 126 
92 295 344 962 550 355 244 775 714 705 388 577 913 679 
356 413 568 464 619 506 937 468 102 761 239 396 563 906 
106 421 106 908 115 641 904 377 914 580 917 340 75 177 
862 584 439 122 797 750 622 214 484 482 649 18 424 691 
998 383 602 469 398 971 929 965 408 551 323 128 240 860 
643 840 802 67 276 124 704 648 275 675 460 458 98 581 
767 954 801 702 31 205 647 304 519 15 399 4 760 86 
950 276 493 176 832 704 453 2 882 195 850 791 890 153 
622 737 914 87 381 862 148 919 205 250 343 551 610 37 
776 909 30 289 508 217 109 987 233 263 439 803 605 743 
559 993 862 947 120 878 176 109 240 788 581 26 108 955 
574 54 650 434 336 189 814 718 858 51 436 961 907 770 
780 514 528 934 60 332 339 998 911 238 495 536 299 864 
960 273 817 68 671 729 781 896 299 927 125 135 731 510 
334 214 256 379 105 122 520 250 813 787 789 876 126 189 
36 279 884 436 992 186 806 793 983 92 205 853 661 656 
93 16 692 974 926 887 957 801 465 0 720 728 438 3 
376 412 522 455 170 101 77 77 611 25 721 413 665 178 
799 604 50 83 508 759 17 919 513 286 943 966 624 807 
573 436 274 206 624 391 853 455 982 678 779 144 260 353 
822 93 186 105 879 401 6 388 542 565 853 468 43 721 
280 606 827 5 187 914 830 194 545 84 301 385 835 669 
770 511 639 198 455 917 757 371 856 520 285 264 621 985 
540 843 279 547 166 261 556 811 253 806 734 473 631 132 
821 603 718 192 661 624 880 837 746 344 71 325 648 741 
419 226 423 309 83 78 883 15 811 488 481 144 40 436 
942 305 198 973 658 671 722 825 857 198 363 521 602 19 
555 444 489 61 764 191 655 86 206 659 1 60 277 498 
630 110 311 295 321 421 538 738 375 786 356 965 530 758 
21 199 460 585 510 882 744 218 805 506 906 552 264 348 
254 507 71 760 397 538 374 773 29 882 832 344 400 863 
807 249 828 418 40 570 883 447 948 364 768 642 888 727 
874 414 22 230 750 121 284 157 548 7 818 721 428 906 
162 162 89 523 224 839 283 503 833 206 491 409 200 302 
767 672 626 243 429 797 243 373 620 963 442 630 342 563 
319 798 43 954 349 893 303 274 243 324 802 354 332 712 
320 443 102 884 111 552 264 65 510 760 612 389 998 148 
348 670 656 575 80 841 589 431 534 780 797 943 699 532 
735 78 29 411 583 336 539 337 893 646 524 766 874 868 
340 98 30 352 533 185 821 50 754 230 264 764 519 195 
183 311 124 10 476 791 48 908 323 468 802 995 997 367 
371 397 908 925 416 976 353 179 651 92 217 726 48 522 
646 149 517 527 57 342 131 204 133 689 370 990 824 933 
185 405 51 381 842 203 288 223 467 986 474 921 41 50 
640 160 295 431 916 278 173 827 232 967 340 629 976 184 
381 885 210 613 161 186 898 350 603 147 298 901 562 326 
967 478 315 744 255 123 523 674 982 11 409 188 7 711 
914 112 119 241 470 438 446 665 920 880 359 309 68 49 
639 60 160 254 402 783 581 601 728 516 135 566 567 625 
375 285 970 625 330 203 279 646 818 116 527 364 538 185 
286 398 455 945 362 855 410 544 616 862 386 353 306 247 
743 889 972 538 265 2 710 363 231 288 892 837 763 644 
129 891 682 658 835 53 538 185 423 235 60 366 549 873 
784 93 174 143 848 990 682 844 613 816 998 263 757 124 
298 489 967 169 393 298 725 39 273 262 391 154 587 548 
841 629 228 179 690 464 842 961 893 912 346 794 141 778 
126 577 890 188 405 422 368 703 218 540 142 980 598 158 
996 506 832 13 173 33 923 768 548 407 569 833 355 173 
731 552 975 629 530 894 687 26 64 624 123 155 936 270 
746 925 444 263 915 660 652 195 917 702 84 109 938 869 
383 810 446 799 808 738 894 84 399 570 659 139 112 348 
