Finished at cycle 0, and the output is as following
[708, 846, 666, 117, 1]
[413, 409, 541, 458, 2]
[775, 31, 144, 680, 6]
[119, 328, 964, 123, 7]
[245, 817, 887, 38, 10]
[599, 188, 577, 520, 10]
[148, 543, 464, 15, 13]
[433, 84, 769, 556, 17]
[902, 923, 150, 147, 20]
[637, 492, 268, 958, 26]
[931, 964, 982, 544, 30]
[636, 88, 649, 701, 31]
[160, 37, 587, 430, 33]
[737, 41, 300, 459, 33]
[263, 583, 462, 668, 34]
[917, 938, 639, 125, 36]
[188, 805, 758, 223, 37]
[820, 292, 345, 854, 38]
[335, 996, 616, 615, 41]
[838, 670, 520, 16, 44]
[492, 862, 934, 788, 46]
[277, 804, 53, 622, 48]
[716, 616, 318, 432, 48]
[445, 782, 9, 572, 49]
[984, 493, 310, 57, 50]
[748, 323, 250, 978, 50]
[475, 235, 76, 558, 52]
[240, 22, 166, 824, 53]
[52, 69, 690, 572, 56]
[746, 626, 637, 208, 56]
[953, 44, 872, 735, 58]
[526, 678, 294, 532, 58]
[19, 798, 22, 462, 60]
[334, 684, 535, 382, 61]
[652, 684, 649, 979, 61]
[454, 980, 791, 156, 62]
[901, 927, 407, 581, 64]
[280, 951, 354, 298, 64]
[708, 544, 215, 992, 64]
[121, 905, 334, 297, 65]
[514, 926, 550, 247, 65]
[644, 336, 492, 200, 65]
[847, 127, 7, 672, 65]
[927, 856, 908, 508, 66]
[549, 298, 978, 803, 68]
[120, 153, 273, 383, 69]
[548, 854, 235, 746, 71]
[616, 301, 313, 20, 73]
[561, 662, 917, 631, 74]
[175, 889, 943, 931, 74]
[716, 674, 445, 357, 74]
[642, 490, 261, 97, 74]
[582, 477, 107, 944, 76]
[47, 668, 470, 460, 78]
[573, 670, 602, 129, 78]
[486, 529, 335, 433, 80]
[205, 372, 459, 478, 80]
[891, 986, 228, 657, 81]
[27, 890, 740, 653, 84]
[395, 263, 190, 598, 86]
[814, 315, 445, 140, 88]
[1, 339, 25, 567, 89]
[7, 750, 758, 790, 90]
[152, 901, 923, 361, 90]
[713, 985, 783, 631, 91]
[511, 998, 464, 846, 92]
[68, 515, 506, 449, 92]
[715, 814, 314, 233, 92]
[750, 197, 714, 921, 92]
[397, 524, 455, 470, 93]
[304, 712, 339, 725, 94]
[798, 652, 295, 870, 95]
[453, 154, 192, 359, 96]
[23, 713, 768, 160, 97]
[236, 504, 682, 130, 98]
[461, 245, 435, 504, 98]
[758, 197, 749, 896, 99]
[851, 993, 377, 862, 100]
[499, 119, 893, 114, 100]
[464, 874, 249, 519, 101]
[950, 715, 722, 793, 102]
[816, 384, 503, 986, 103]
[408, 438, 556, 248, 103]
[317, 905, 946, 768, 105]
[558, 654, 498, 746, 105]
[72, 167, 230, 716, 108]
[189, 445, 124, 563, 109]
[11, 406, 748, 258, 110]
[460, 740, 495, 239, 111]
[62, 488, 226, 527, 112]
[568, 502, 340, 535, 113]
[318, 516, 937, 471, 114]
[233, 600, 747, 984, 114]
[47, 56, 624, 783, 115]
[268, 672, 9, 978, 116]
[904, 476, 200, 535, 117]
[656, 274, 592, 15, 118]
[806, 786, 432, 127, 120]
[356, 80, 900, 579, 120]
[736, 239, 255, 267, 122]
[272, 906, 211, 483, 125]
[840, 895, 59, 15, 126]
[215, 79, 213, 412, 127]
[618, 741, 758, 459, 129]
[345, 746, 996, 243, 130]
[277, 141, 666, 458, 132]
[276, 110, 524, 401, 133]
[647, 52, 616, 528, 133]
[944, 459, 372, 383, 135]
[831, 70, 214, 603, 135]
[140, 804, 100, 561, 136]
[506, 883, 973, 339, 136]
[427, 343, 744, 733, 137]
[83, 48, 401, 958, 139]
[806, 474, 704, 371, 139]
[99, 895, 15, 345, 140]
[654, 550, 983, 553, 142]
[998, 273, 346, 905, 143]
[163, 455, 949, 534, 144]
[523, 104, 104, 212, 144]
[7, 591, 912, 660, 144]
[433, 841, 570, 303, 145]
[674, 187, 399, 558, 146]
[78, 495, 289, 567, 146]
[816, 615, 111, 225, 146]
[822, 508, 962, 145, 147]
[4, 60, 274, 248, 147]
[847, 877, 760, 524, 147]
[276, 543, 841, 758, 148]
[238, 671, 600, 581, 149]
[839, 582, 33, 654, 149]
[886, 401, 560, 124, 150]
[925, 518, 266, 611, 152]
[782, 672, 454, 668, 158]
[888, 184, 477, 474, 158]
[762, 730, 67, 229, 162]
[286, 498, 682, 353, 162]
[575, 763, 337, 823, 163]
[257, 190, 436, 743, 163]
[845, 841, 962, 387, 164]
[45, 169, 736, 674, 164]
[819, 225, 617, 698, 164]
[790, 82, 663, 784, 164]
[566, 754, 864, 649, 165]
[928, 469, 921, 82, 166]
[248, 551, 312, 813, 167]
[671, 383, 605, 743, 167]
[907, 397, 739, 317, 168]
[744, 636, 940, 248, 168]
[350, 940, 870, 340, 169]
[473, 854, 866, 349, 169]
[276, 116, 503, 490, 170]
[586, 49, 871, 804, 171]
[845, 839, 266, 257, 172]
[228, 48, 146, 560, 172]
[342, 474, 7, 27, 174]
[601, 122, 246, 858, 174]
[59, 861, 122, 455, 175]
[419, 685, 247, 591, 175]
[806, 816, 868, 339, 176]
[393, 336, 866, 359, 177]
[449, 918, 338, 794, 178]
[467, 291, 74, 539, 179]
[431, 935, 721, 692, 180]
[254, 293, 832, 146, 180]
[76, 161, 751, 821, 181]
[511, 479, 305, 987, 181]
[481, 894, 17, 678, 182]
[88, 432, 865, 895, 183]
[959, 256, 216, 261, 183]
[157, 974, 647, 386, 184]
[113, 655, 901, 411, 185]
[295, 884, 954, 801, 185]
[361, 71, 999, 118, 185]
[467, 467, 827, 958, 186]
[384, 921, 476, 666, 187]
[135, 109, 412, 406, 189]
[699, 740, 608, 58, 191]
[657, 518, 677, 150, 191]
[482, 91, 501, 6, 195]
[935, 597, 337, 589, 196]
[711, 640, 942, 532, 196]
[97, 278, 32, 410, 197]
[434, 146, 37, 801, 198]
[186, 44, 980, 507, 199]
[848, 656, 922, 238, 199]
[375, 874, 787, 593, 200]
[842, 643, 559, 343, 201]
[832, 318, 587, 268, 201]
[298, 548, 236, 610, 202]
[71, 54, 55, 460, 202]
[612, 370, 536, 36, 203]
[262, 593, 592, 118, 205]
[253, 58, 218, 468, 208]
[924, 183, 951, 202, 209]
[365, 579, 215, 35, 209]
[113, 833, 80, 436, 209]
[235, 102, 666, 164, 210]
[707, 62, 38, 553, 211]
[547, 218, 392, 373, 211]
[729, 423, 552, 471, 211]
[247, 342, 686, 814, 213]
[292, 892, 469, 245, 215]
[103, 229, 91, 874, 216]
[567, 580, 528, 122, 216]
[582, 758, 116, 610, 217]
[67, 305, 646, 914, 217]
[680, 412, 380, 914, 218]
[240, 918, 151, 821, 219]
[205, 402, 616, 702, 222]
[412, 479, 7, 31, 223]
[61, 772, 531, 489, 225]
[847, 920, 826, 237, 225]
[548, 728, 652, 470, 227]
[343, 670, 423, 16, 227]
[118, 395, 967, 149, 227]
[379, 133, 154, 961, 228]
[676, 795, 942, 350, 229]
[250, 404, 619, 440, 230]
[186, 284, 870, 271, 231]
[746, 792, 689, 932, 231]
[329, 337, 357, 921, 232]
[687, 706, 802, 376, 232]
[872, 828, 847, 398, 233]
[843, 524, 293, 903, 234]
[843, 291, 2, 187, 237]
[149, 653, 674, 936, 238]
[57, 739, 25, 135, 238]
[473, 786, 484, 330, 239]
[40, 573, 628, 75, 240]
[884, 162, 780, 254, 241]
[330, 437, 76, 227, 241]
[708, 918, 405, 505, 241]
[409, 140, 862, 706, 241]
[277, 446, 628, 723, 245]
[753, 374, 709, 12, 245]
[926, 225, 928, 312, 246]
[328, 867, 318, 823, 247]
[278, 152, 960, 658, 248]
[832, 618, 576, 538, 249]
[595, 822, 752, 130, 251]
[695, 825, 296, 331, 251]
[636, 860, 610, 258, 254]
[398, 202, 231, 840, 254]
[407, 416, 577, 133, 255]
[833, 41, 87, 931, 255]
[156, 731, 995, 159, 256]
[20, 224, 322, 517, 256]
[517, 217, 285, 811, 256]
[799, 845, 647, 932, 258]
[663, 799, 644, 413, 259]
[526, 762, 969, 208, 260]
[224, 655, 699, 197, 260]
[590, 26, 478, 368, 260]
[561, 814, 255, 253, 260]
[366, 525, 78, 114, 261]
[312, 114, 320, 40, 261]
[642, 52, 579, 235, 262]
[505, 81, 791, 473, 263]
[634, 529, 746, 183, 264]
[332, 471, 160, 25, 265]
[247, 965, 519, 725, 265]
[83, 669, 898, 494, 265]
[351, 762, 133, 505, 266]
[453, 221, 623, 920, 266]
[823, 804, 869, 985, 269]
[746, 148, 466, 486, 269]
[189, 648, 841, 966, 270]
[678, 10, 633, 717, 270]
[719, 354, 129, 928, 270]
[715, 633, 574, 979, 271]
[669, 603, 625, 581, 273]
[213, 580, 215, 539, 273]
[585, 152, 335, 152, 274]
[675, 17, 72, 121, 275]
[457, 839, 837, 428, 276]
[466, 366, 55, 737, 278]
[771, 326, 156, 969, 278]
[522, 908, 42, 613, 278]
[620, 69, 835, 87, 279]
[73, 485, 279, 353, 281]
[346, 607, 1, 999, 281]
[750, 74, 606, 239, 281]
[290, 146, 132, 27, 282]
[848, 155, 101, 482, 284]
[687, 454, 620, 779, 285]
[791, 284, 358, 917, 285]
[221, 632, 69, 877, 290]
[518, 763, 407, 108, 291]
[936, 263, 977, 517, 292]
[692, 662, 884, 57, 292]
[406, 461, 359, 285, 293]
[192, 10, 545, 598, 293]
[923, 920, 678, 418, 293]
[345, 354, 125, 591, 294]
[30, 218, 706, 615, 294]
[737, 658, 208, 417, 294]
[864, 304, 645, 439, 294]
[417, 832, 519, 919, 296]
[356, 520, 528, 805, 298]
[401, 428, 915, 861, 298]
[959, 520, 617, 244, 304]
[749, 809, 370, 697, 305]
[825, 347, 208, 933, 305]
[748, 822, 357, 248, 306]
[140, 471, 769, 848, 308]
[541, 963, 665, 208, 308]
[85, 127, 351, 290, 308]
[996, 909, 933, 692, 309]
[361, 767, 724, 162, 311]
[1, 44, 540, 109, 311]
[694, 456, 348, 459, 311]
[456, 191, 41, 40, 312]
[311, 661, 768, 423, 312]
[210, 722, 119, 500, 312]
[56, 176, 571, 995, 312]
[380, 469, 615, 787, 313]
[809, 876, 757, 762, 314]
[877, 745, 259, 14, 316]
[651, 14, 728, 842, 317]
[57, 654, 186, 256, 323]
[346, 892, 758, 159, 327]
[290, 811, 424, 199, 329]
[694, 118, 227, 430, 330]
[674, 487, 994, 12, 332]
[555, 96, 767, 95, 332]
[964, 678, 917, 69, 333]
[635, 746, 816, 915, 334]
[393, 851, 750, 543, 338]
[820, 483, 717, 543, 338]
[363, 281, 441, 208, 341]
[202, 224, 757, 79, 342]
[704, 743, 595, 2, 344]
[926, 186, 101, 970, 350]
[105, 240, 185, 984, 352]
[486, 624, 407, 785, 353]
[596, 856, 330, 473, 353]
[741, 709, 400, 844, 354]
[245, 510, 16, 140, 354]
[287, 807, 342, 939, 354]
[712, 794, 229, 522, 355]
[730, 516, 481, 769, 355]
[996, 730, 215, 922, 356]
[849, 156, 336, 743, 356]
[578, 473, 513, 2, 357]
[871, 609, 969, 490, 357]
[545, 580, 541, 295, 358]
[927, 357, 771, 371, 360]
[194, 320, 952, 407, 360]
[538, 211, 225, 820, 362]
[968, 491, 784, 399, 362]
[323, 983, 973, 482, 363]
[592, 276, 99, 731, 363]
[755, 15, 544, 337, 365]
[553, 489, 980, 442, 367]
[686, 364, 169, 430, 368]
[657, 488, 481, 422, 368]
[478, 876, 429, 827, 374]
[253, 787, 370, 480, 376]
[121, 293, 365, 300, 376]
[431, 160, 152, 381, 376]
[466, 302, 841, 842, 377]
[420, 421, 359, 260, 378]
[877, 688, 305, 819, 378]
[272, 302, 137, 432, 379]
[407, 366, 331, 183, 379]
[959, 706, 936, 473, 379]
[564, 989, 721, 743, 379]
[76, 486, 437, 435, 380]
[948, 378, 951, 686, 381]
[155, 295, 686, 544, 381]
[782, 553, 233, 103, 382]
[817, 59, 500, 102, 383]
[588, 974, 185, 799, 384]
[918, 111, 14, 153, 384]
[321, 377, 883, 138, 384]
[663, 791, 354, 967, 384]
[549, 65, 687, 875, 385]
[80, 618, 90, 869, 385]
[706, 217, 103, 34, 386]
[837, 601, 855, 433, 387]
[100, 918, 311, 531, 389]
[196, 345, 990, 155, 389]
[772, 268, 167, 62, 391]
[439, 914, 434, 541, 391]
[976, 146, 937, 437, 391]
[401, 740, 393, 410, 392]
[806, 341, 601, 769, 393]
[22, 713, 932, 677, 394]
[830, 957, 572, 416, 394]
[22, 569, 654, 460, 395]
[341, 778, 669, 36, 396]
[232, 512, 477, 669, 397]
[977, 247, 718, 70, 398]
[887, 579, 958, 636, 399]
[795, 621, 271, 691, 399]
[929, 354, 202, 240, 399]
[68, 803, 155, 929, 400]
[715, 663, 964, 868, 401]
[373, 63, 127, 61, 401]
[91, 418, 390, 623, 402]
[347, 576, 55, 444, 402]
[847, 295, 709, 854, 402]
[84, 71, 846, 558, 402]
[37, 65, 920, 911, 409]
[37, 981, 952, 528, 411]
[104, 305, 627, 369, 412]
[969, 319, 41, 118, 414]
[132, 192, 252, 492, 415]
[433, 161, 660, 822, 416]
[445, 414, 899, 302, 417]
[767, 586, 27, 917, 417]
[9, 433, 76, 121, 418]
[614, 591, 755, 629, 418]
[984, 446, 902, 476, 419]
[214, 640, 225, 467, 422]
[358, 859, 122, 104, 422]
[611, 778, 778, 410, 422]
[506, 292, 971, 585, 422]
[223, 672, 742, 230, 423]
[634, 827, 696, 776, 424]
[639, 59, 983, 405, 425]
[428, 624, 796, 320, 427]
[706, 54, 281, 186, 428]
[882, 160, 35, 355, 429]
[544, 46, 999, 252, 431]
[305, 839, 707, 305, 432]
[7, 293, 94, 157, 432]
[19, 294, 145, 893, 433]
[154, 669, 738, 60, 434]
[520, 775, 535, 407, 436]
[165, 42, 835, 609, 437]
[335, 153, 190, 212, 437]
[266, 392, 16, 129, 440]
[437, 511, 464, 9, 443]
[412, 177, 814, 812, 443]
[673, 331, 432, 40, 445]
[279, 317, 428, 805, 446]
[890, 171, 492, 139, 447]
[808, 56, 786, 49, 449]
[414, 802, 896, 539, 449]
[216, 74, 287, 176, 450]
[651, 727, 748, 494, 451]
[606, 720, 126, 573, 452]
[679, 831, 317, 600, 454]
[372, 744, 900, 994, 454]
[141, 33, 990, 31, 455]
[644, 98, 559, 737, 456]
[107, 76, 300, 193, 457]
[806, 448, 930, 785, 461]
[888, 451, 945, 931, 461]
[921, 148, 309, 431, 463]
[209, 939, 867, 453, 463]
[437, 430, 863, 531, 464]
[578, 316, 204, 962, 464]
[619, 337, 534, 266, 464]
[140, 6, 559, 994, 464]
[705, 521, 135, 86, 464]
[533, 702, 917, 55, 466]
[265, 371, 254, 813, 466]
[546, 5, 280, 842, 467]
[203, 925, 652, 990, 467]
[565, 177, 478, 345, 467]
[711, 653, 958, 898, 468]
[560, 483, 590, 503, 468]
[132, 107, 441, 940, 469]
[270, 691, 21, 921, 470]
[966, 144, 849, 847, 470]
[965, 746, 341, 322, 472]
[540, 370, 506, 636, 472]
[625, 335, 875, 531, 472]
[155, 302, 979, 539, 473]
[347, 267, 458, 486, 473]
[80, 787, 556, 287, 473]
[306, 271, 760, 588, 474]
[805, 839, 975, 117, 475]
[422, 165, 229, 276, 477]
[88, 584, 350, 64, 479]
[24, 897, 44, 89, 479]
[167, 246, 610, 420, 480]
[522, 162, 23, 844, 480]
[443, 300, 431, 693, 481]
[321, 505, 341, 686, 483]
[735, 739, 240, 975, 483]
[165, 497, 409, 703, 483]
[889, 155, 106, 539, 484]
[433, 804, 156, 689, 485]
[255, 346, 430, 290, 486]
[478, 585, 73, 404, 487]
[158, 718, 558, 676, 488]
[927, 206, 597, 869, 488]
[872, 191, 687, 899, 489]
[502, 26, 280, 512, 489]
[811, 739, 605, 970, 492]
[937, 528, 725, 940, 493]
[90, 882, 845, 680, 494]
[690, 855, 538, 618, 495]
[116, 136, 882, 613, 496]
[560, 536, 537, 479, 496]
[354, 300, 1, 457, 497]
[82, 93, 849, 204, 498]
[410, 987, 372, 293, 498]
[960, 885, 10, 609, 498]
[754, 515, 546, 329, 499]
[28, 564, 26, 440, 499]
[285, 830, 753, 322, 499]
[826, 671, 783, 846, 499]
[457, 176, 651, 1, 500]
[224, 80, 59, 217, 500]
[685, 500, 655, 728, 501]
[135, 178, 513, 815, 501]
[220, 905, 453, 847, 501]
[349, 875, 63, 936, 503]
[175, 282, 198, 681, 504]
[468, 487, 52, 210, 505]
[536, 680, 902, 514, 506]
[275, 713, 612, 727, 507]
[930, 118, 200, 246, 508]
[284, 867, 165, 754, 509]
[469, 836, 306, 778, 509]
[926, 311, 648, 224, 510]
[792, 586, 477, 795, 510]
[163, 440, 539, 417, 510]
[613, 439, 959, 899, 511]
[980, 342, 127, 885, 511]
[10, 336, 899, 530, 512]
[458, 232, 15, 644, 513]
[325, 220, 206, 525, 513]
[470, 724, 969, 339, 515]
[382, 825, 802, 235, 515]
[377, 738, 174, 645, 516]
[785, 888, 192, 560, 518]
[851, 663, 242, 574, 519]
[873, 183, 882, 971, 520]
[661, 8, 199, 673, 520]
[827, 428, 404, 329, 520]
[594, 748, 485, 571, 520]
[471, 138, 936, 959, 522]
[313, 370, 151, 901, 523]
[268, 860, 999, 136, 524]
[629, 175, 449, 691, 524]
[908, 605, 433, 215, 527]
[487, 331, 203, 416, 528]
[230, 164, 608, 906, 529]
[243, 788, 785, 38, 531]
[9, 11, 547, 530, 534]
[320, 602, 25, 236, 534]
[717, 44, 453, 522, 535]
[572, 70, 303, 176, 536]
[770, 153, 335, 364, 536]
[877, 742, 871, 932, 537]
[112, 169, 872, 976, 538]
[163, 107, 125, 562, 539]
[407, 950, 60, 598, 539]
[501, 674, 503, 921, 539]
[454, 738, 714, 45, 539]
[59, 183, 571, 285, 540]
[582, 7, 209, 460, 541]
[664, 154, 709, 168, 541]
[50, 801, 504, 713, 543]
[328, 911, 0, 862, 543]
[170, 182, 883, 483, 544]
[665, 929, 236, 987, 544]
[552, 987, 524, 657, 545]
[243, 78, 341, 629, 546]
[230, 28, 11, 812, 546]
[682, 889, 412, 386, 546]
[134, 492, 772, 871, 546]
[115, 244, 104, 303, 550]
[230, 947, 138, 993, 551]
[786, 503, 470, 297, 554]
[759, 894, 455, 855, 554]
[161, 182, 897, 925, 554]
[123, 53, 605, 180, 556]
[296, 303, 866, 509, 557]
[911, 63, 201, 140, 557]
[243, 52, 386, 898, 557]
[537, 169, 398, 262, 558]
[850, 992, 423, 860, 559]
[885, 819, 428, 552, 562]
[960, 506, 200, 131, 562]
[445, 293, 704, 127, 564]
[121, 242, 528, 487, 564]
[42, 923, 377, 172, 564]
[36, 985, 992, 295, 567]
[389, 300, 797, 924, 568]
[341, 356, 748, 65, 568]
[383, 928, 454, 23, 571]
[566, 710, 894, 398, 573]
[867, 61, 399, 812, 573]
[608, 729, 481, 847, 573]
[280, 32, 752, 886, 574]
[958, 118, 121, 91, 575]
[6, 851, 205, 920, 576]
[799, 176, 575, 474, 578]
[688, 534, 170, 885, 580]
[128, 74, 10, 860, 580]
[172, 705, 654, 728, 582]
[412, 193, 326, 65, 583]
[239, 430, 372, 424, 584]
[803, 92, 892, 101, 584]
[876, 154, 839, 503, 585]
[524, 470, 398, 180, 585]
[489, 294, 211, 787, 585]
[656, 337, 670, 331, 586]
[737, 609, 357, 608, 586]
[246, 461, 830, 415, 592]
[829, 592, 474, 968, 592]
[838, 929, 620, 516, 594]
[568, 444, 220, 237, 595]
[374, 831, 383, 535, 596]
[600, 649, 845, 522, 597]
[665, 644, 537, 974, 598]
[321, 783, 43, 777, 598]
[670, 828, 513, 364, 598]
[401, 657, 742, 380, 599]
[887, 189, 920, 784, 599]
[164, 479, 985, 287, 599]
[219, 758, 772, 902, 599]
[945, 343, 395, 317, 599]
[221, 731, 888, 658, 600]
[274, 581, 220, 354, 600]
[864, 720, 476, 890, 602]
[865, 658, 829, 523, 603]
[280, 597, 969, 384, 603]
[905, 210, 908, 985, 604]
[734, 926, 193, 190, 606]
[189, 733, 301, 814, 606]
[704, 272, 410, 710, 607]
[4, 878, 137, 49, 609]
[543, 392, 332, 289, 610]
[683, 689, 385, 877, 611]
[344, 309, 785, 153, 611]
[634, 707, 900, 509, 613]
[60, 412, 426, 588, 613]
[648, 105, 251, 943, 614]
[194, 808, 42, 328, 615]
[453, 825, 677, 42, 615]
[598, 221, 963, 311, 615]
[903, 594, 821, 332, 616]
[720, 848, 32, 417, 618]
[971, 457, 158, 247, 618]
[680, 633, 853, 755, 618]
[639, 186, 693, 9, 619]
[61, 256, 671, 707, 619]
[462, 408, 847, 95, 620]
[736, 742, 116, 620, 620]
[666, 909, 255, 813, 621]
[921, 319, 230, 774, 622]
[798, 238, 217, 364, 623]
[387, 106, 522, 80, 624]
[829, 75, 155, 729, 624]
[646, 119, 695, 986, 625]
[619, 659, 229, 35, 627]
[312, 886, 928, 434, 629]
[446, 344, 857, 418, 629]
[52, 292, 787, 504, 630]
[639, 711, 844, 444, 631]
[910, 245, 877, 843, 634]
[300, 932, 258, 583, 634]
[108, 193, 369, 922, 638]
[947, 949, 1, 195, 638]
[180, 598, 964, 399, 638]
[39, 720, 838, 925, 641]
[46, 581, 673, 84, 641]
[344, 326, 828, 107, 641]
[563, 357, 980, 790, 643]
[178, 409, 748, 906, 645]
[407, 101, 36, 351, 645]
[862, 479, 269, 631, 646]
[151, 365, 218, 758, 647]
[685, 529, 411, 544, 648]
[847, 134, 528, 339, 650]
[530, 855, 667, 129, 650]
[877, 197, 0, 404, 652]
[981, 500, 439, 84, 652]
[925, 580, 44, 675, 652]
[401, 422, 243, 433, 654]
[601, 549, 920, 936, 654]
[637, 485, 189, 293, 655]
[291, 207, 594, 341, 658]
[388, 986, 273, 761, 659]
[956, 356, 360, 514, 659]
[863, 798, 446, 418, 661]
[779, 745, 236, 819, 662]
[814, 299, 48, 779, 663]
[57, 683, 493, 372, 667]
[207, 920, 423, 734, 669]
[50, 656, 189, 102, 669]
[554, 488, 88, 218, 670]
[128, 641, 145, 805, 670]
[723, 534, 950, 671, 670]
[118, 119, 481, 102, 673]
[166, 693, 343, 244, 678]
[304, 474, 249, 477, 678]
[997, 889, 600, 731, 679]
[100, 874, 159, 107, 679]
[485, 374, 345, 210, 680]
[811, 397, 806, 491, 680]
[209, 382, 490, 267, 681]
[570, 739, 89, 161, 681]
[362, 187, 772, 944, 682]
[539, 543, 868, 206, 682]
[65, 713, 603, 19, 682]
[80, 831, 30, 67, 683]
[474, 535, 280, 372, 685]
[925, 176, 900, 565, 686]
[995, 714, 844, 731, 686]
[947, 883, 732, 45, 686]
[851, 473, 224, 694, 687]
[561, 990, 488, 835, 687]
[391, 409, 443, 307, 689]
[155, 186, 856, 214, 691]
[898, 403, 323, 705, 691]
[984, 223, 115, 53, 691]
[230, 22, 213, 409, 693]
[874, 811, 812, 669, 694]
[616, 922, 531, 106, 695]
[429, 102, 231, 478, 699]
[280, 55, 735, 273, 699]
[104, 306, 251, 229, 699]
[318, 100, 30, 370, 699]
[703, 784, 425, 353, 699]
[931, 252, 785, 440, 700]
[563, 868, 182, 888, 702]
[128, 756, 704, 103, 702]
[740, 593, 306, 221, 702]
[381, 832, 340, 133, 705]
[297, 634, 523, 865, 706]
[737, 916, 213, 504, 706]
[390, 116, 774, 971, 706]
[733, 303, 58, 956, 708]
[259, 868, 729, 209, 708]
[42, 703, 826, 267, 709]
[255, 20, 156, 100, 709]
[45, 595, 151, 771, 709]
[665, 426, 849, 804, 709]
[248, 784, 798, 863, 710]
[866, 841, 495, 245, 710]
[249, 849, 305, 69, 711]
[792, 974, 835, 80, 712]
[45, 880, 153, 437, 713]
[84, 189, 488, 237, 716]
[91, 414, 446, 681, 717]
[333, 779, 546, 526, 717]
[567, 702, 315, 181, 718]
[281, 736, 646, 657, 718]
[205, 178, 138, 83, 719]
[790, 780, 511, 421, 720]
[209, 720, 526, 491, 720]
[969, 965, 859, 425, 720]
[186, 163, 589, 909, 720]
[180, 617, 747, 185, 724]
[711, 382, 686, 592, 725]
[164, 614, 460, 572, 725]
[276, 578, 816, 858, 725]
[981, 551, 571, 867, 726]
[393, 740, 457, 630, 728]
[559, 590, 80, 928, 728]
[877, 719, 732, 406, 733]
[557, 209, 183, 951, 735]
[656, 998, 780, 793, 738]
[726, 650, 667, 99, 739]
[82, 68, 539, 842, 739]
[715, 216, 131, 729, 739]
[611, 129, 179, 987, 740]
[837, 384, 473, 258, 741]
[541, 497, 276, 415, 741]
[507, 783, 225, 630, 741]
[740, 385, 833, 289, 744]
[392, 601, 860, 315, 745]
[381, 122, 667, 482, 746]
[619, 717, 827, 968, 748]
[852, 316, 122, 525, 749]
[554, 357, 959, 649, 749]
[508, 155, 830, 418, 749]
[105, 264, 143, 50, 750]
[426, 20, 886, 22, 750]
[363, 121, 163, 127, 750]
[260, 573, 930, 942, 752]
[724, 599, 70, 189, 752]
[164, 791, 524, 577, 753]
[390, 487, 541, 237, 753]
[169, 289, 122, 505, 754]
[445, 423, 602, 51, 755]
[421, 828, 287, 616, 755]
[266, 874, 153, 15, 757]
[763, 58, 674, 925, 758]
[493, 965, 143, 501, 759]
[160, 22, 993, 294, 759]
[695, 468, 965, 922, 760]
[698, 237, 714, 667, 760]
[481, 846, 454, 903, 761]
[662, 717, 71, 266, 762]
[253, 338, 822, 325, 762]
[264, 715, 924, 873, 762]
[13, 684, 887, 277, 763]
[793, 677, 260, 30, 765]
[862, 221, 105, 937, 766]
[356, 928, 909, 123, 766]
[126, 519, 750, 453, 769]
[188, 113, 95, 936, 770]
[817, 669, 896, 487, 770]
[702, 51, 288, 612, 770]
[24, 530, 11, 781, 771]
[479, 784, 221, 882, 771]
[236, 950, 993, 189, 772]
[594, 190, 903, 652, 772]
[301, 288, 778, 164, 774]
[780, 635, 468, 377, 779]
[84, 839, 822, 121, 779]
[917, 293, 842, 649, 781]
[546, 818, 85, 666, 781]
[225, 137, 101, 748, 782]
[985, 669, 454, 275, 786]
[565, 191, 977, 520, 787]
[187, 248, 786, 87, 788]
[953, 10, 367, 560, 790]
[60, 950, 842, 531, 791]
[18, 111, 62, 723, 792]
[884, 921, 717, 728, 793]
[866, 331, 889, 395, 796]
[251, 949, 519, 177, 797]
[320, 564, 790, 544, 797]
[851, 790, 551, 548, 797]
[145, 563, 704, 919, 797]
[944, 472, 905, 484, 798]
[787, 361, 541, 338, 798]
[886, 854, 900, 429, 800]
[381, 819, 442, 673, 801]
[233, 639, 739, 247, 801]
[30, 498, 408, 64, 805]
[860, 174, 398, 439, 806]
[396, 667, 406, 785, 807]
[987, 205, 393, 366, 807]
[455, 502, 974, 604, 808]
[580, 140, 590, 210, 808]
[37, 936, 582, 685, 808]
[229, 494, 359, 94, 809]
[255, 770, 219, 88, 809]
[206, 250, 443, 712, 810]
[41, 830, 508, 124, 812]
[427, 236, 454, 943, 812]
[294, 495, 696, 488, 814]
[366, 680, 587, 151, 816]
[881, 416, 430, 357, 817]
[706, 413, 361, 665, 818]
[356, 896, 552, 415, 819]
[843, 616, 597, 34, 819]
[855, 826, 663, 147, 821]
[49, 271, 217, 313, 822]
[607, 805, 501, 802, 825]
[216, 5, 574, 667, 825]
[925, 634, 193, 801, 827]
[198, 696, 351, 493, 827]
[452, 127, 69, 431, 829]
[490, 644, 357, 940, 830]
[422, 542, 590, 753, 831]
[147, 906, 220, 1, 832]
[565, 987, 668, 799, 833]
[151, 347, 795, 631, 836]
[362, 243, 55, 593, 836]
[741, 524, 55, 521, 836]
[115, 840, 27, 795, 837]
[644, 736, 42, 535, 838]
[436, 93, 52, 725, 838]
[161, 942, 391, 923, 838]
[206, 986, 161, 889, 841]
[658, 202, 424, 179, 842]
[750, 356, 793, 562, 843]
[928, 665, 92, 971, 843]
[672, 756, 785, 705, 843]
[118, 116, 309, 836, 849]
[947, 937, 424, 91, 851]
[879, 130, 982, 604, 851]
[437, 792, 157, 115, 852]
[179, 679, 24, 145, 854]
[434, 722, 513, 918, 857]
[965, 863, 960, 483, 857]
[798, 395, 266, 219, 861]
[628, 551, 113, 259, 863]
[403, 436, 284, 873, 864]
[595, 174, 272, 327, 864]
[487, 36, 873, 331, 867]
[197, 8, 351, 636, 867]
[241, 495, 185, 881, 868]
[123, 604, 317, 159, 868]
[869, 418, 72, 462, 868]
[470, 915, 304, 613, 869]
[577, 865, 486, 227, 871]
[546, 921, 772, 969, 872]
[5, 671, 334, 660, 872]
[14, 618, 382, 785, 872]
[362, 751, 665, 691, 874]
[60, 132, 965, 685, 875]
[538, 14, 720, 900, 877]
[334, 307, 863, 915, 878]
[407, 414, 132, 191, 879]
[616, 810, 490, 938, 879]
[114, 599, 644, 768, 879]
[556, 996, 157, 707, 880]
[62, 590, 233, 668, 881]
[955, 744, 500, 576, 881]
[178, 373, 117, 481, 881]
[294, 324, 837, 29, 883]
[500, 160, 656, 231, 884]
[940, 224, 964, 831, 885]
[276, 92, 446, 443, 886]
[65, 878, 847, 845, 887]
[379, 554, 848, 411, 888]
[503, 269, 307, 109, 889]
[938, 195, 282, 969, 890]
[534, 333, 15, 335, 891]
[876, 329, 924, 622, 892]
[322, 690, 379, 273, 892]
[503, 640, 763, 683, 893]
[655, 423, 805, 317, 896]
[213, 49, 534, 380, 896]
[352, 557, 539, 732, 899]
[317, 43, 636, 281, 902]
[399, 593, 489, 278, 904]
[774, 145, 533, 954, 904]
[13, 459, 362, 49, 904]
[295, 800, 514, 280, 905]
[226, 581, 38, 166, 905]
[487, 422, 443, 54, 906]
[578, 264, 127, 942, 908]
[105, 315, 876, 901, 910]
[82, 933, 101, 542, 910]
[483, 857, 889, 757, 910]
[490, 385, 697, 886, 911]
[819, 505, 574, 502, 912]
[551, 295, 672, 842, 912]
[15, 506, 257, 387, 912]
[338, 887, 663, 33, 912]
[812, 110, 632, 222, 913]
[609, 609, 187, 364, 914]
[61, 919, 454, 613, 917]
[517, 290, 563, 466, 918]
[351, 686, 993, 876, 920]
[768, 199, 334, 951, 920]
[484, 952, 565, 487, 920]
[72, 121, 500, 435, 922]
[708, 166, 262, 972, 924]
[603, 395, 50, 830, 925]
[401, 841, 201, 623, 925]
[254, 454, 860, 547, 926]
[724, 247, 394, 728, 926]
[30, 792, 492, 568, 927]
[592, 388, 125, 182, 929]
[937, 746, 347, 452, 932]
[472, 463, 866, 549, 933]
[423, 996, 412, 79, 933]
[864, 32, 511, 217, 935]
[629, 19, 380, 58, 938]
[322, 656, 419, 953, 938]
[791, 118, 912, 525, 940]
[218, 980, 875, 758, 941]
[664, 481, 282, 647, 942]
[769, 997, 388, 564, 942]
[765, 790, 400, 698, 943]
[527, 249, 335, 277, 948]
[245, 354, 473, 25, 952]
[746, 443, 448, 360, 952]
[807, 7, 807, 654, 954]
[31, 4, 21, 101, 955]
[800, 818, 841, 428, 956]
[510, 762, 589, 73, 956]
[490, 261, 95, 890, 957]
[482, 244, 83, 153, 959]
[122, 209, 437, 589, 963]
[422, 44, 717, 881, 964]
[501, 755, 547, 781, 965]
[834, 319, 225, 472, 966]
[220, 566, 542, 507, 967]
[505, 541, 629, 97, 968]
[587, 882, 923, 132, 969]
[835, 713, 67, 483, 970]
[64, 438, 799, 740, 974]
[126, 36, 269, 186, 974]
[884, 910, 257, 370, 976]
[208, 534, 172, 121, 976]
[133, 449, 98, 918, 976]
[304, 733, 746, 813, 981]
[210, 752, 950, 822, 982]
[965, 228, 116, 6, 982]
[622, 198, 780, 855, 983]
[976, 831, 217, 165, 986]
[258, 551, 482, 926, 986]
[307, 929, 749, 868, 987]
[471, 839, 607, 7, 990]
[377, 293, 817, 2, 992]
[896, 389, 403, 856, 993]
[43, 137, 916, 387, 993]
[314, 529, 514, 484, 994]
[27, 994, 175, 875, 994]
[334, 637, 947, 345, 994]
[850, 585, 353, 600, 995]
[129, 298, 746, 732, 996]
[667, 459, 34, 381, 996]
[350, 457, 897, 742, 997]
[411, 556, 955, 980, 999]
