263 583 462 668 34 
 188 805 758 223 37 
 746 626 637 208 56 
901 927 407 581 64 
121 905 334 297 65 
514 926 550 247 65 
644 336 492 200 65 
486 529 335 433 80 
317 905 946 768 105 
276 110 524 401 133 
78 495 289 567 146 
822 508 962 145 147 
886 401 560 124 150 
248 551 312 813 167 
350 940 870 340 169 
342 474 7 27 174 
431 935 721 692 180 
481 894 17 678 182 
88 432 865 895 183 
924 183 951 202 209 
707 62 38 553 211 
103 229 91 874 216 
412 479 7 31 223 
687 706 802 376 232 
40 573 628 75 240 
753 374 709 12 245 
20 224 322 517 256 
366 525 78 114 261 
687 454 620 779 285 
749 809 370 697 305 
140 471 769 848 308 
541 963 665 208 308 
456 191 41 40 312 
57 654 186 256 323 
578 473 513 2 357 
545 580 541 295 358 
121 293 365 300 376 
407 366 331 183 379 
155 295 686 544 381 
321 377 883 138 384 
22 569 654 460 395 
445 414 899 302 417 
335 153 190 212 437 
266 392 16 129 440 
673 331 432 40 445 
141 33 990 31 455 
270 691 21 921 470 
155 302 979 539 473 
347 267 458 486 473 
522 162 23 844 480 
433 804 156 689 485 
478 585 73 404 487 
90 882 845 680 494 
960 885 10 609 498 
457 176 651 1 500 
135 178 513 815 501 
792 586 477 795 510 
827 428 404 329 520 
471 138 936 959 522 
313 370 151 901 523 
501 674 503 921 539 
682 889 412 386 546 
230 947 138 993 551 
786 503 470 297 554 
123 53 605 180 556 
537 169 398 262 558 
885 819 428 552 562 
688 534 170 885 580 
887 189 920 784 599 
280 597 969 384 603 
634 707 900 509 613 
921 319 230 774 622 
39 720 838 925 641 
862 479 269 631 646 
151 365 218 758 647 
685 529 411 544 648 
877 197 0 404 652 
80 831 30 67 683 
563 868 182 888 702 
128 756 704 103 702 
91 414 446 681 717 
209 720 526 491 720 
969 965 859 425 720 
711 382 686 592 725 
877 719 732 406 733 
715 216 131 729 739 
541 497 276 415 741 
852 316 122 525 749 
554 357 959 649 749 
105 264 143 50 750 
426 20 886 22 750 
164 791 524 577 753 
390 487 541 237 753 
662 717 71 266 762 
188 113 95 936 770 
780 635 468 377 779 
917 293 842 649 781 
225 137 101 748 782 
565 191 977 520 787 
953 10 367 560 790 
866 331 889 395 796 
251 949 519 177 797 
320 564 790 544 797 
851 790 551 548 797 
490 644 357 940 830 
644 736 42 535 838 
434 722 513 918 857 
487 36 873 331 867 
556 996 157 707 880 
62 590 233 668 881 
955 744 500 576 881 
534 333 15 335 891 
551 295 672 842 912 
592 388 125 182 929 
765 790 400 698 943 
122 209 437 589 963 
965 228 116 6 982 
307 929 749 868 987 
377 293 817 2 992 
43 137 916 387 993 
129 298 746 732 996 