148 703 191 230 0 
837 783 950 15 5 
743 291 715 10 10 
774 344 569 962 16 
122 864 388 751 25 
838 670 520 16 44 
716 616 318 432 48 
984 493 310 57 50 
280 951 354 298 64 
1 339 25 567 89 
68 515 506 449 92 
758 197 749 896 99 
464 874 249 519 101 
558 654 498 746 105 
11 406 748 258 110 
656 274 592 15 118 
345 746 996 243 130 
99 895 15 345 140 
238 671 600 581 149 
925 518 266 611 152 
782 672 454 668 158 
45 169 736 674 164 
419 685 247 591 175 
449 918 338 794 178 
482 91 501 6 195 
97 278 32 410 197 
375 874 787 593 200 
842 643 559 343 201 
365 579 215 35 209 
680 412 380 914 218 
186 284 870 271 231 
872 828 847 398 233 
843 291 2 187 237 
330 437 76 227 241 
833 41 87 931 255 
526 762 969 208 260 
453 221 623 920 266 
678 10 633 717 270 
73 485 279 353 281 
848 155 101 482 284 
791 284 358 917 285 
221 632 69 877 290 
936 263 977 517 292 
345 354 125 591 294 
85 127 351 290 308 
1 44 540 109 311 
311 661 768 423 312 
210 722 119 500 312 
363 281 441 208 341 
730 516 481 769 355 
871 609 969 490 357 
431 160 152 381 376 
420 421 359 260 378 
959 706 936 473 379 
80 618 90 869 385 
977 247 718 70 398 
104 305 627 369 412 
9 433 76 121 418 
984 446 902 476 419 
428 624 796 320 427 
882 160 35 355 429 
412 177 814 812 443 
921 148 309 431 463 
619 337 534 266 464 
546 5 280 842 467 
711 653 958 898 468 
560 483 590 503 468 
805 839 975 117 475 
735 739 240 975 483 
560 536 537 479 496 
224 80 59 217 500 
220 905 453 847 501 
536 680 902 514 506 
469 836 306 778 509 
613 439 959 899 511 
112 169 872 976 538 
50 801 504 713 543 
328 911 0 862 543 
134 492 772 871 546 
759 894 455 855 554 
243 52 386 898 557 
121 242 528 487 564 
6 851 205 920 576 
876 154 839 503 585 
246 461 830 415 592 
164 479 985 287 599 
734 926 193 190 606 
194 808 42 328 615 
453 825 677 42 615 
401 422 243 433 654 
291 207 594 341 658 
388 986 273 761 659 
814 299 48 779 663 
128 641 145 805 670 
304 474 249 477 678 
100 874 159 107 679 
539 543 868 206 682 
474 535 280 372 685 
874 811 812 669 694 
280 55 735 273 699 
931 252 785 440 700 
740 593 306 221 702 
733 303 58 956 708 
981 551 571 867 726 
740 385 833 289 744 
698 237 714 667 760 
817 669 896 487 770 
24 530 11 781 771 
30 498 408 64 805 
37 936 582 685 808 
206 250 443 712 810 
356 896 552 415 819 
855 826 663 147 821 
115 840 27 795 837 
658 202 424 179 842 
197 8 351 636 867 
577 865 486 227 871 
362 751 665 691 874 
334 307 863 915 878 
503 269 307 109 889 
352 557 539 732 899 
226 581 38 166 905 
15 506 257 387 912 
254 454 860 547 926 
527 249 335 277 948 
245 354 473 25 952 
884 910 257 370 976 
411 556 955 980 999 