697 336 93 101 0 
127 362 566 433 2 
83 406 327 27 4 
148 543 464 15 13 
902 923 150 147 20 
953 44 872 735 58 
526 678 294 532 58 
19 798 22 462 60 
548 854 235 746 71 
175 889 943 931 74 
582 477 107 944 76 
395 263 190 598 86 
304 712 339 725 94 
568 502 340 535 113 
618 741 758 459 129 
762 730 67 229 162 
575 763 337 823 163 
845 841 962 387 164 
907 397 739 317 168 
276 116 503 490 170 
845 839 266 257 172 
699 740 608 58 191 
434 146 37 801 198 
298 548 236 610 202 
292 892 469 245 215 
67 305 646 914 217 
61 772 531 489 225 
548 728 652 470 227 
343 670 423 16 227 
676 795 942 350 229 
329 337 357 921 232 
473 786 484 330 239 
926 225 928 312 246 
832 618 576 538 249 
407 416 577 133 255 
156 731 995 159 256 
642 52 579 235 262 
505 81 791 473 263 
247 965 519 725 265 
189 648 841 966 270 
290 146 132 27 282 
809 876 757 762 314 
877 745 259 14 316 
651 14 728 842 317 
712 794 229 522 355 
927 357 771 371 360 
553 489 980 442 367 
478 876 429 827 374 
253 787 370 480 376 
272 302 137 432 379 
948 378 951 686 381 
918 111 14 153 384 
549 65 687 875 385 
401 740 393 410 392 
22 713 932 677 394 
887 579 958 636 399 
795 621 271 691 399 
715 663 964 868 401 
91 418 390 623 402 
347 576 55 444 402 
37 981 952 528 411 
19 294 145 893 433 
520 775 535 407 436 
578 316 204 962 464 
533 702 917 55 466 
965 746 341 322 472 
167 246 610 420 480 
321 505 341 686 483 
872 191 687 899 489 
82 93 849 204 498 
410 987 372 293 498 
685 500 655 728 501 
468 487 52 210 505 
851 663 242 574 519 
407 950 60 598 539 
582 7 209 460 541 
230 28 11 812 546 
296 303 866 509 557 
911 63 201 140 557 
850 992 423 860 559 
389 300 797 924 568 
383 928 454 23 571 
799 176 575 474 578 
838 929 620 516 594 
221 731 888 658 600 
865 658 829 523 603 
704 272 410 710 607 
344 309 785 153 611 
971 457 158 247 618 
639 186 693 9 619 
863 798 446 418 661 
554 488 88 218 670 
209 382 490 267 681 
429 102 231 478 699 
45 595 151 771 709 
248 784 798 863 710 
792 974 835 80 712 
82 68 539 842 739 
611 129 179 987 740 
260 573 930 942 752 
445 423 602 51 755 
266 874 153 15 757 
126 519 750 453 769 
860 174 398 439 806 
580 140 590 210 808 
118 116 309 836 849 
179 679 24 145 854 
798 395 266 219 861 
241 495 185 881 868 
123 604 317 159 868 
470 915 304 613 869 
294 324 837 29 883 
295 800 514 280 905 
812 110 632 222 913 
517 290 563 466 918 
351 686 993 876 920 
768 199 334 951 920 
484 952 565 487 920 
72 121 500 435 922 
30 792 492 568 927 
472 463 866 549 933 
423 996 412 79 933 
864 32 511 217 935 
800 818 841 428 956 
64 438 799 740 974 
304 733 746 813 981 
210 752 950 822 982 
27 994 175 875 994 