775 31 144 680 6 
636 88 649 701 31 
917 938 639 125 36 
847 127 7 672 65 
549 298 978 803 68 
205 372 459 478 80 
950 715 722 793 102 
816 384 503 986 103 
47 56 624 783 115 
268 672 9 978 116 
904 476 200 535 117 
140 804 100 561 136 
839 582 33 654 149 
257 190 436 743 163 
819 225 617 698 164 
566 754 864 649 165 
928 469 921 82 166 
601 122 246 858 174 
393 336 866 359 177 
467 291 74 539 179 
511 479 305 987 181 
157 974 647 386 184 
935 597 337 589 196 
71 54 55 460 202 
113 833 80 436 209 
247 342 686 814 213 
847 920 826 237 225 
118 395 967 149 227 
149 653 674 936 238 
695 825 296 331 251 
398 202 231 840 254 
663 799 644 413 259 
224 655 699 197 260 
590 26 478 368 260 
561 814 255 253 260 
634 529 746 183 264 
746 148 466 486 269 
669 603 625 581 273 
457 839 837 428 276 
518 763 407 108 291 
192 10 545 598 293 
30 218 706 615 294 
694 456 348 459 311 
555 96 767 95 332 
393 851 750 543 338 
202 224 757 79 342 
105 240 185 984 352 
996 730 215 922 356 
194 320 952 407 360 
968 491 784 399 362 
817 59 500 102 383 
37 65 920 911 409 
358 859 122 104 422 
7 293 94 157 432 
890 171 492 139 447 
808 56 786 49 449 
414 802 896 539 449 
216 74 287 176 450 
140 6 559 994 464 
705 521 135 86 464 
203 925 652 990 467 
540 370 506 636 472 
980 342 127 885 511 
325 220 206 525 513 
470 724 969 339 515 
268 860 999 136 524 
230 164 608 906 529 
960 506 200 131 562 
42 923 377 172 564 
737 609 357 608 586 
219 758 772 902 599 
274 581 220 354 600 
4 878 137 49 609 
543 392 332 289 610 
639 711 844 444 631 
108 193 369 922 638 
981 500 439 84 652 
601 549 920 936 654 
207 920 423 734 669 
50 656 189 102 669 
65 713 603 19 682 
925 176 900 565 686 
898 403 323 705 691 
381 832 340 133 705 
297 634 523 865 706 
259 868 729 209 708 
866 841 495 245 710 
45 880 153 437 713 
205 178 138 83 719 
164 614 460 572 725 
559 590 80 928 728 
421 828 287 616 755 
481 846 454 903 761 
253 338 822 325 762 
702 51 288 612 770 
236 950 993 189 772 
594 190 903 652 772 
84 839 822 121 779 
187 248 786 87 788 
944 472 905 484 798 
886 854 900 429 800 
41 830 508 124 812 
49 271 217 313 822 
607 805 501 802 825 
422 542 590 753 831 
362 243 55 593 836 
741 524 55 521 836 
436 93 52 725 838 
206 986 161 889 841 
437 792 157 115 852 
595 174 272 327 864 
5 671 334 660 872 
14 618 382 785 872 
616 810 490 938 879 
114 599 644 768 879 
178 373 117 481 881 
500 160 656 231 884 
483 857 889 757 910 
609 609 187 364 914 
401 841 201 623 925 
724 247 394 728 926 
937 746 347 452 932 
629 19 380 58 938 
322 656 419 953 938 
746 443 448 360 952 
490 261 95 890 957 
835 713 67 483 970 
667 459 34 381 996