708 846 666 117 1 
413 409 541 458 2 
637 492 268 958 26 
931 964 982 544 30 
475 235 76 558 52 
240 22 166 824 53 
334 684 535 382 61 
927 856 908 508 66 
47 668 470 460 78 
573 670 602 129 78 
798 652 295 870 95 
408 438 556 248 103 
806 786 432 127 120 
356 80 900 579 120 
840 895 59 15 126 
806 474 704 371 139 
654 550 983 553 142 
163 455 949 534 144 
523 104 104 212 144 
433 841 570 303 145 
4 60 274 248 147 
276 543 841 758 148 
888 184 477 474 158 
286 498 682 353 162 
228 48 146 560 172 
467 467 827 958 186 
657 518 677 150 191 
832 318 587 268 201 
612 370 536 36 203 
547 218 392 373 211 
729 423 552 471 211 
567 580 528 122 216 
379 133 154 961 228 
328 867 318 823 247 
517 217 285 811 256 
799 845 647 932 258 
719 354 129 928 270 
213 580 215 539 273 
346 607 1 999 281 
923 920 678 418 293 
737 658 208 417 294 
996 909 933 692 309 
56 176 571 995 312 
635 746 816 915 334 
820 483 717 543 338 
486 624 407 785 353 
245 510 16 140 354 
287 807 342 939 354 
592 276 99 731 363 
755 15 544 337 365 
686 364 169 430 368 
76 486 437 435 380 
663 791 354 967 384 
837 601 855 433 387 
100 918 311 531 389 
772 268 167 62 391 
232 512 477 669 397 
279 317 428 805 446 
679 831 317 600 454 
644 98 559 737 456 
209 939 867 453 463 
565 177 478 345 467 
443 300 431 693 481 
158 718 558 676 488 
10 336 899 530 512 
377 738 174 645 516 
877 742 871 932 537 
664 154 709 168 541 
36 985 992 295 567 
867 61 399 812 573 
128 74 10 860 580 
412 193 326 65 583 
803 92 892 101 584 
524 470 398 180 585 
670 828 513 364 598 
945 343 395 317 599 
598 221 963 311 615 
903 594 821 332 616 
462 408 847 95 620 
798 238 217 364 623 
829 75 155 729 624 
300 932 258 583 634 
563 357 980 790 643 
407 101 36 351 645 
637 485 189 293 655 
723 534 950 671 670 
485 374 345 210 680 
811 397 806 491 680 
570 739 89 161 681 
995 714 844 731 686 
851 473 224 694 687 
561 990 488 835 687 
391 409 443 307 689 
318 100 30 370 699 
84 189 488 237 716 
333 779 546 526 717 
281 736 646 657 718 
186 163 589 909 720 
276 578 816 858 725 
557 209 183 951 735 
392 601 860 315 745 
264 715 924 873 762 
13 684 887 277 763 
793 677 260 30 765 
546 818 85 666 781 
60 950 842 531 791 
884 921 717 728 793 
233 639 739 247 801 
987 205 393 366 807 
229 494 359 94 809 
255 770 219 88 809 
843 616 597 34 819 
198 696 351 493 827 
565 987 668 799 833 
161 942 391 923 838 
965 863 960 483 857 
60 132 965 685 875 
276 92 446 443 886 
65 878 847 845 887 
655 423 805 317 896 
774 145 533 954 904 
769 997 388 564 942 
807 7 807 654 954 
482 244 83 153 959 
587 882 923 132 969 
334 637 947 345 994 
850 585 353 600 995 
350 457 897 742 997 