599 188 577 520 10 
433 84 769 556 17 
737 41 300 459 33 
820 292 345 854 38 
492 862 934 788 46 
445 782 9 572 49 
652 684 649 979 61 
716 674 445 357 74 
642 490 261 97 74 
715 814 314 233 92 
750 197 714 921 92 
23 713 768 160 97 
461 245 435 504 98 
499 119 893 114 100 
62 488 226 527 112 
233 600 747 984 114 
736 239 255 267 122 
272 906 211 483 125 
647 52 616 528 133 
831 70 214 603 135 
506 883 973 339 136 
427 343 744 733 137 
7 591 912 660 144 
847 877 760 524 147 
790 82 663 784 164 
473 854 866 349 169 
254 293 832 146 180 
361 71 999 118 185 
384 921 476 666 187 
711 640 942 532 196 
848 656 922 238 199 
235 102 666 164 210 
746 792 689 932 231 
57 739 25 135 238 
409 140 862 706 241 
83 669 898 494 265 
522 908 42 613 278 
620 69 835 87 279 
750 74 606 239 281 
692 662 884 57 292 
864 304 645 439 294 
417 832 519 919 296 
704 743 595 2 344 
596 856 330 473 353 
849 156 336 743 356 
657 488 481 422 368 
877 688 305 819 378 
564 989 721 743 379 
706 217 103 34 386 
196 345 990 155 389 
439 914 434 541 391 
976 146 937 437 391 
830 957 572 416 394 
929 354 202 240 399 
68 803 155 929 400 
373 63 127 61 401 
84 71 846 558 402 
132 192 252 492 415 
767 586 27 917 417 
611 778 778 410 422 
506 292 971 585 422 
634 827 696 776 424 
651 727 748 494 451 
372 744 900 994 454 
888 451 945 931 461 
132 107 441 940 469 
966 144 849 847 470 
625 335 875 531 472 
306 271 760 588 474 
422 165 229 276 477 
165 497 409 703 483 
889 155 106 539 484 
927 206 597 869 488 
502 26 280 512 489 
690 855 538 618 495 
349 875 63 936 503 
275 713 612 727 507 
382 825 802 235 515 
785 888 192 560 518 
629 175 449 691 524 
908 605 433 215 527 
320 602 25 236 534 
454 738 714 45 539 
161 182 897 925 554 
341 356 748 65 568 
608 729 481 847 573 
172 705 654 728 582 
489 294 211 787 585 
60 412 426 588 613 
736 742 116 620 620 
646 119 695 986 625 
446 344 857 418 629 
52 292 787 504 630 
947 949 1 195 638 
180 598 964 399 638 
344 326 828 107 641 
530 855 667 129 650 
925 580 44 675 652 
118 119 481 102 673 
947 883 732 45 686 
984 223 115 53 691 
616 922 531 106 695 
703 784 425 353 699 
737 916 213 504 706 
390 116 774 971 706 
656 998 780 793 738 
381 122 667 482 746 
508 155 830 418 749 
363 121 163 127 750 
356 928 909 123 766 
479 784 221 882 771 
301 288 778 164 774 
985 669 454 275 786 
145 563 704 919 797 
787 361 541 338 798 
427 236 454 943 812 
216 5 574 667 825 
869 418 72 462 868 
940 224 964 831 885 
322 690 379 273 892 
213 49 534 380 896 
13 459 362 49 904 
578 264 127 942 908 
61 919 454 613 917 
791 118 912 525 940 
208 534 172 121 976 
133 449 98 918 976 
258 551 482 926 986 