119 328 964 123 7 
245 817 887 38 10 
160 37 587 430 33 
335 996 616 615 41 
748 323 250 978 50 
454 980 791 156 62 
708 544 215 992 64 
120 153 273 383 69 
616 301 313 20 73 
891 986 228 657 81 
814 315 445 140 88 
152 901 923 361 90 
713 985 783 631 91 
397 524 455 470 93 
236 504 682 130 98 
72 167 230 716 108 
189 445 124 563 109 
460 740 495 239 111 
318 516 937 471 114 
215 79 213 412 127 
277 141 666 458 132 
83 48 401 958 139 
816 615 111 225 146 
671 383 605 743 167 
744 636 940 248 168 
806 816 868 339 176 
76 161 751 821 181 
959 256 216 261 183 
135 109 412 406 189 
253 58 218 468 208 
205 402 616 702 222 
250 404 619 440 230 
708 918 405 505 241 
636 860 610 258 254 
312 114 320 40 261 
675 17 72 121 275 
771 326 156 969 278 
406 461 359 285 293 
959 520 617 244 304 
825 347 208 933 305 
748 822 357 248 306 
346 892 758 159 327 
290 811 424 199 329 
694 118 227 430 330 
674 487 994 12 332 
538 211 225 820 362 
466 302 841 842 377 
341 778 669 36 396 
847 295 709 854 402 
969 319 41 118 414 
614 591 755 629 418 
223 672 742 230 423 
639 59 983 405 425 
706 54 281 186 428 
544 46 999 252 431 
606 720 126 573 452 
265 371 254 813 466 
80 787 556 287 473 
88 584 350 64 479 
24 897 44 89 479 
811 739 605 970 492 
937 528 725 940 493 
354 300 1 457 497 
826 671 783 846 499 
930 118 200 246 508 
163 440 539 417 510 
594 748 485 571 520 
243 788 785 38 531 
9 11 547 530 534 
572 70 303 176 536 
770 153 335 364 536 
665 929 236 987 544 
552 987 524 657 545 
115 244 104 303 550 
239 430 372 424 584 
656 337 670 331 586 
829 592 474 968 592 
568 444 220 237 595 
374 831 383 535 596 
665 644 537 974 598 
321 783 43 777 598 
189 733 301 814 606 
680 633 853 755 618 
61 256 671 707 619 
387 106 522 80 624 
619 659 229 35 627 
910 245 877 843 634 
46 581 673 84 641 
956 356 360 514 659 
779 745 236 819 662 
104 306 251 229 699 
665 426 849 804 709 
567 702 315 181 718 
180 617 747 185 724 
507 783 225 630 741 
619 717 827 968 748 
724 599 70 189 752 
169 289 122 505 754 
763 58 674 925 758 
160 22 993 294 759 
18 111 62 723 792 
381 819 442 673 801 
396 667 406 785 807 
366 680 587 151 816 
881 416 430 357 817 
928 665 92 971 843 
672 756 785 705 843 
879 130 982 604 851 
628 551 113 259 863 
546 921 772 969 872 
538 14 720 900 877 
407 414 132 191 879 
379 554 848 411 888 
938 195 282 969 890 
399 593 489 278 904 
105 315 876 901 910 
82 933 101 542 910 
490 385 697 886 911 
338 887 663 33 912 
603 395 50 830 925 
664 481 282 647 942 
31 4 21 101 955 
510 762 589 73 956 
422 44 717 881 964 
220 566 542 507 967 
505 541 629 97 968 
126 36 269 186 974 
976 831 217 165 986